rra
pb
rra
rra
pb
rra
pb
rra
pb
rra
rra
rra
pb
rra
rra
pb
rra
pb
rra
pb
rra
rra
pb
rra
rra
rra
pb
rra
rra
pb
rra
pb
rra
pb
rra
rra
pb
rra
rra
pb
rra
pb
rra
rra
pb
rra
rra
pb
rra
rra
rra
pb
rra
pb
rra
rra
rra
pb
rra
rra
rra
pb
rra
pb
rra
rra
pb
rra
pb
rra
rra
pb
rra
pb
rra
rra
pb
rra
pb
rra
pb
rra
rra
pb
rra
pb
rra
rra
rra
rra
pb
rra
rra
pb
rra
pb
rra
rra
pb
rra
rra
pb
rra
rra
rra
rra
pb
rra
rra
rra
rra
pb
rra
rra
rra
rra
pb
rra
pb
rra
rra
rra
rra
rra
pb
rra
pb
rra
pb
rra
rra
pb
rra
pb
rra
rra
rra
rra
rra
rra
rra
pb
rra
pb
rra
rra
pb
rra
pb
pa
rb
rb
pa
rb
rb
pa
rb
rb
pa
rb
pa
pa
rb
rb
rb
rb
pa
rb
pa
rb
pa
rb
pa
rb
rb
rb
pa
pa
rb
rb
rb
rb
pa
pa
rb
pa
rb
rb
rb
rb
pa
pa
rb
pa
rb
rb
pa
pa
rb
rb
pa
rb
rb
rb
rb
pa
pa
pa
rb
rb
pa
pa
pa
pa
pa
rb
rb
rb
pa
pa
rb
rb
pa
pb
pb
pb
pb
pb
pb
pb
pb
pb
pb
pb
pb
pb
pb
pb
pb
pb
pb
pb
pb
pb
pb
pb
pb
pb
pb
pb
pb
pb
pb
pb
pb
rra
rra
pb
ra
ra
ra
pb
ra
ra
ra
ra
pb
pb
ra
ra
pb
ra
pb
pb
pb
pb
ra
pb
ra
pb
ra
ra
pb
ra
pb
ra
ra
ra
ra
ra
pb
pb
pb
rra
rra
pb
rra
pb
rra
rra
rra
pb
rra
pb
rra
pb
rra
pb
rra
rra
rra
pb
rra
pb
rra
pb
rra
pb
rra
pb
rra
pb
rra
rra
rra
rra
pb
rra
pb
rra
pb
rra
pb
rra
pb
pb
pb
pb
pb
pb
rra
rra
pb
rra
pb
rra
pb
rra
pb
rra
pb
rra
pb
rra
pb
rra
pb
rra
pb
rra
pb
rra
pb
rra
pb
count_b : 97
pa
ra
---------------------------------------------------
0	0
0	99
0	87
0	86
0	95
0	89
0	97
0	84
0	59
0	85
0	98
0	90
0	92
0	93
0	94
0	88
0	83
0	77
0	96
0	91
0	82
0	67
0	72
0	73
0	70
0	79
0	71
0	76
0	78
0	80
0	74
0	75
0	68
0	81
0	66
0	69
0	56
0	63
0	53
0	54
0	52
0	65
0	57
0	62
0	58
0	60
0	64
0	51
0	55
0	61
0	13
0	14
0	9
0	8
0	2
0	12
0	3
0	11
0	4
0	15
0	5
0	1
0	10
0	6
0	7
0	16
0	21
0	29
0	19
0	32
0	25
0	23
0	27
0	20
0	26
0	28
0	22
0	18
0	30
0	24
0	17
0	31
0	35
0	36
0	38
0	43
0	48
0	47
0	49
0	50
0	37
0	34
0	33
0	39
0	45
0	46
0	41
0	40
0	44
100	42
-	-
a	b
---------------------------------------------------
count_b : 97
pa
---------------------------------------------------
0	0
0	0
0	87
0	86
0	95
0	89
0	97
0	84
0	59
0	85
0	98
0	90
0	92
0	93
0	94
0	88
0	83
0	77
0	96
0	91
0	82
0	67
0	72
0	73
0	70
0	79
0	71
0	76
0	78
0	80
0	74
0	75
0	68
0	81
0	66
0	69
0	56
0	63
0	53
0	54
0	52
0	65
0	57
0	62
0	58
0	60
0	64
0	51
0	55
0	61
0	13
0	14
0	9
0	8
0	2
0	12
0	3
0	11
0	4
0	15
0	5
0	1
0	10
0	6
0	7
0	16
0	21
0	29
0	19
0	32
0	25
0	23
0	27
0	20
0	26
0	28
0	22
0	18
0	30
0	24
0	17
0	31
0	35
0	36
0	38
0	43
0	48
0	47
0	49
0	50
0	37
0	34
0	33
0	39
0	45
0	46
0	41
0	40
99	44
100	42
-	-
a	b
---------------------------------------------------
count_b : 97
rb
rb
rb
rb
rb
rb
rb
rb
pa
---------------------------------------------------
0	0
0	0
0	0
0	90
0	92
0	93
0	94
0	88
0	83
0	77
0	96
0	91
0	82
0	67
0	72
0	73
0	70
0	79
0	71
0	76
0	78
0	80
0	74
0	75
0	68
0	81
0	66
0	69
0	56
0	63
0	53
0	54
0	52
0	65
0	57
0	62
0	58
0	60
0	64
0	51
0	55
0	61
0	13
0	14
0	9
0	8
0	2
0	12
0	3
0	11
0	4
0	15
0	5
0	1
0	10
0	6
0	7
0	16
0	21
0	29
0	19
0	32
0	25
0	23
0	27
0	20
0	26
0	28
0	22
0	18
0	30
0	24
0	17
0	31
0	35
0	36
0	38
0	43
0	48
0	47
0	49
0	50
0	37
0	34
0	33
0	39
0	45
0	46
0	41
0	40
0	44
0	42
0	87
0	86
0	95
0	89
0	97
98	84
99	59
100	85
-	-
a	b
---------------------------------------------------
count_b : 94
rrb
rrb
rrb
rrb
pa
---------------------------------------------------
0	0
0	0
0	0
0	0
0	84
0	59
0	85
0	90
0	92
0	93
0	94
0	88
0	83
0	77
0	96
0	91
0	82
0	67
0	72
0	73
0	70
0	79
0	71
0	76
0	78
0	80
0	74
0	75
0	68
0	81
0	66
0	69
0	56
0	63
0	53
0	54
0	52
0	65
0	57
0	62
0	58
0	60
0	64
0	51
0	55
0	61
0	13
0	14
0	9
0	8
0	2
0	12
0	3
0	11
0	4
0	15
0	5
0	1
0	10
0	6
0	7
0	16
0	21
0	29
0	19
0	32
0	25
0	23
0	27
0	20
0	26
0	28
0	22
0	18
0	30
0	24
0	17
0	31
0	35
0	36
0	38
0	43
0	48
0	47
0	49
0	50
0	37
0	34
0	33
0	39
0	45
0	46
0	41
0	40
0	44
0	42
97	87
98	86
99	95
100	89
-	-
a	b
---------------------------------------------------
count_b : 94
rrb
rrb
pa
---------------------------------------------------
0	0
0	0
0	0
0	0
0	0
0	89
0	84
0	59
0	85
0	90
0	92
0	93
0	94
0	88
0	83
0	77
0	96
0	91
0	82
0	67
0	72
0	73
0	70
0	79
0	71
0	76
0	78
0	80
0	74
0	75
0	68
0	81
0	66
0	69
0	56
0	63
0	53
0	54
0	52
0	65
0	57
0	62
0	58
0	60
0	64
0	51
0	55
0	61
0	13
0	14
0	9
0	8
0	2
0	12
0	3
0	11
0	4
0	15
0	5
0	1
0	10
0	6
0	7
0	16
0	21
0	29
0	19
0	32
0	25
0	23
0	27
0	20
0	26
0	28
0	22
0	18
0	30
0	24
0	17
0	31
0	35
0	36
0	38
0	43
0	48
0	47
0	49
0	50
0	37
0	34
0	33
0	39
0	45
0	46
0	41
95	40
97	44
98	42
99	87
100	86
-	-
a	b
---------------------------------------------------
count_b : 94
rb
rb
rb
rb
rb
rb
rb
rb
rb
rb
rb
pa
sa
---------------------------------------------------
0	0
0	0
0	0
0	0
0	0
0	0
0	91
0	82
0	67
0	72
0	73
0	70
0	79
0	71
0	76
0	78
0	80
0	74
0	75
0	68
0	81
0	66
0	69
0	56
0	63
0	53
0	54
0	52
0	65
0	57
0	62
0	58
0	60
0	64
0	51
0	55
0	61
0	13
0	14
0	9
0	8
0	2
0	12
0	3
0	11
0	4
0	15
0	5
0	1
0	10
0	6
0	7
0	16
0	21
0	29
0	19
0	32
0	25
0	23
0	27
0	20
0	26
0	28
0	22
0	18
0	30
0	24
0	17
0	31
0	35
0	36
0	38
0	43
0	48
0	47
0	49
0	50
0	37
0	34
0	33
0	39
0	45
0	46
0	41
0	40
0	44
0	42
0	87
0	86
0	89
0	84
0	59
0	85
0	90
95	92
96	93
97	94
98	88
99	83
100	77
-	-
a	b
---------------------------------------------------
count_b : 91
rrb
rrb
rrb
rrb
pa
---------------------------------------------------
0	0
0	0
0	0
0	0
0	0
0	0
0	0
0	88
0	83
0	77
0	91
0	82
0	67
0	72
0	73
0	70
0	79
0	71
0	76
0	78
0	80
0	74
0	75
0	68
0	81
0	66
0	69
0	56
0	63
0	53
0	54
0	52
0	65
0	57
0	62
0	58
0	60
0	64
0	51
0	55
0	61
0	13
0	14
0	9
0	8
0	2
0	12
0	3
0	11
0	4
0	15
0	5
0	1
0	10
0	6
0	7
0	16
0	21
0	29
0	19
0	32
0	25
0	23
0	27
0	20
0	26
0	28
0	22
0	18
0	30
0	24
0	17
0	31
0	35
0	36
0	38
0	43
0	48
0	47
0	49
0	50
0	37
0	34
0	33
0	39
0	45
0	46
0	41
0	40
0	44
0	42
0	87
0	86
94	89
95	84
96	59
97	85
98	90
99	92
100	93
-	-
a	b
---------------------------------------------------
count_b : 91
rrb
pa
---------------------------------------------------
0	0
0	0
0	0
0	0
0	0
0	0
0	0
0	0
0	88
0	83
0	77
0	91
0	82
0	67
0	72
0	73
0	70
0	79
0	71
0	76
0	78
0	80
0	74
0	75
0	68
0	81
0	66
0	69
0	56
0	63
0	53
0	54
0	52
0	65
0	57
0	62
0	58
0	60
0	64
0	51
0	55
0	61
0	13
0	14
0	9
0	8
0	2
0	12
0	3
0	11
0	4
0	15
0	5
0	1
0	10
0	6
0	7
0	16
0	21
0	29
0	19
0	32
0	25
0	23
0	27
0	20
0	26
0	28
0	22
0	18
0	30
0	24
0	17
0	31
0	35
0	36
0	38
0	43
0	48
0	47
0	49
0	50
0	37
0	34
0	33
0	39
0	45
0	46
0	41
0	40
0	44
0	42
93	87
94	86
95	89
96	84
97	59
98	85
99	90
100	92
-	-
a	b
---------------------------------------------------
count_b : 91
rrb
pa
---------------------------------------------------
0	0
0	0
0	0
0	0
0	0
0	0
0	0
0	0
0	0
0	88
0	83
0	77
0	91
0	82
0	67
0	72
0	73
0	70
0	79
0	71
0	76
0	78
0	80
0	74
0	75
0	68
0	81
0	66
0	69
0	56
0	63
0	53
0	54
0	52
0	65
0	57
0	62
0	58
0	60
0	64
0	51
0	55
0	61
0	13
0	14
0	9
0	8
0	2
0	12
0	3
0	11
0	4
0	15
0	5
0	1
0	10
0	6
0	7
0	16
0	21
0	29
0	19
0	32
0	25
0	23
0	27
0	20
0	26
0	28
0	22
0	18
0	30
0	24
0	17
0	31
0	35
0	36
0	38
0	43
0	48
0	47
0	49
0	50
0	37
0	34
0	33
0	39
0	45
0	46
0	41
0	40
92	44
93	42
94	87
95	86
96	89
97	84
98	59
99	85
100	90
-	-
a	b
---------------------------------------------------
count_b : 88
rrb
pa
---------------------------------------------------
0	0
0	0
0	0
0	0
0	0
0	0
0	0
0	0
0	0
0	0
0	88
0	83
0	77
0	91
0	82
0	67
0	72
0	73
0	70
0	79
0	71
0	76
0	78
0	80
0	74
0	75
0	68
0	81
0	66
0	69
0	56
0	63
0	53
0	54
0	52
0	65
0	57
0	62
0	58
0	60
0	64
0	51
0	55
0	61
0	13
0	14
0	9
0	8
0	2
0	12
0	3
0	11
0	4
0	15
0	5
0	1
0	10
0	6
0	7
0	16
0	21
0	29
0	19
0	32
0	25
0	23
0	27
0	20
0	26
0	28
0	22
0	18
0	30
0	24
0	17
0	31
0	35
0	36
0	38
0	43
0	48
0	47
0	49
0	50
0	37
0	34
0	33
0	39
0	45
0	46
90	41
92	40
93	44
94	42
95	87
96	86
97	89
98	84
99	59
100	85
-	-
a	b
---------------------------------------------------
count_b : 88
rrb
rrb
rrb
rrb
pa
---------------------------------------------------
0	0
0	0
0	0
0	0
0	0
0	0
0	0
0	0
0	0
0	0
0	0
0	84
0	59
0	85
0	88
0	83
0	77
0	91
0	82
0	67
0	72
0	73
0	70
0	79
0	71
0	76
0	78
0	80
0	74
0	75
0	68
0	81
0	66
0	69
0	56
0	63
0	53
0	54
0	52
0	65
0	57
0	62
0	58
0	60
0	64
0	51
0	55
0	61
0	13
0	14
0	9
0	8
0	2
0	12
0	3
0	11
0	4
0	15
0	5
0	1
0	10
0	6
0	7
0	16
0	21
0	29
0	19
0	32
0	25
0	23
0	27
0	20
0	26
0	28
0	22
0	18
0	30
0	24
0	17
0	31
0	35
0	36
0	38
0	43
0	48
0	47
0	49
0	50
0	37
89	34
90	33
92	39
93	45
94	46
95	41
96	40
97	44
98	42
99	87
100	86
-	-
a	b
---------------------------------------------------
count_b : 88
rb
rb
rb
rb
rb
rb
ra
ra
pa
rra
rra
---------------------------------------------------
0	0
0	0
0	0
0	0
0	0
0	0
0	0
0	0
0	0
0	0
0	0
0	0
0	82
0	67
0	72
0	73
0	70
0	79
0	71
0	76
0	78
0	80
0	74
0	75
0	68
0	81
0	66
0	69
0	56
0	63
0	53
0	54
0	52
0	65
0	57
0	62
0	58
0	60
0	64
0	51
0	55
0	61
0	13
0	14
0	9
0	8
0	2
0	12
0	3
0	11
0	4
0	15
0	5
0	1
0	10
0	6
0	7
0	16
0	21
0	29
0	19
0	32
0	25
0	23
0	27
0	20
0	26
0	28
0	22
0	18
0	30
0	24
0	17
0	31
0	35
0	36
0	38
0	43
0	48
0	47
0	49
0	50
0	37
0	34
0	33
0	39
0	45
0	46
89	41
90	40
91	44
92	42
93	87
94	86
95	84
96	59
97	85
98	88
99	83
100	77
-	-
a	b
---------------------------------------------------
count_b : 85
rrb
rrb
rrb
pa
---------------------------------------------------
0	0
0	0
0	0
0	0
0	0
0	0
0	0
0	0
0	0
0	0
0	0
0	0
0	0
0	83
0	77
0	82
0	67
0	72
0	73
0	70
0	79
0	71
0	76
0	78
0	80
0	74
0	75
0	68
0	81
0	66
0	69
0	56
0	63
0	53
0	54
0	52
0	65
0	57
0	62
0	58
0	60
0	64
0	51
0	55
0	61
0	13
0	14
0	9
0	8
0	2
0	12
0	3
0	11
0	4
0	15
0	5
0	1
0	10
0	6
0	7
0	16
0	21
0	29
0	19
0	32
0	25
0	23
0	27
0	20
0	26
0	28
0	22
0	18
0	30
0	24
0	17
0	31
0	35
0	36
0	38
0	43
0	48
0	47
0	49
0	50
0	37
0	34
88	33
89	39
90	45
91	46
92	41
93	40
94	44
95	42
96	87
97	86
98	84
99	59
100	85
-	-
a	b
---------------------------------------------------
count_b : 85
rrb
rrb
rrb
rrb
pa
---------------------------------------------------
0	0
0	0
0	0
0	0
0	0
0	0
0	0
0	0
0	0
0	0
0	0
0	0
0	0
0	0
0	84
0	59
0	85
0	83
0	77
0	82
0	67
0	72
0	73
0	70
0	79
0	71
0	76
0	78
0	80
0	74
0	75
0	68
0	81
0	66
0	69
0	56
0	63
0	53
0	54
0	52
0	65
0	57
0	62
0	58
0	60
0	64
0	51
0	55
0	61
0	13
0	14
0	9
0	8
0	2
0	12
0	3
0	11
0	4
0	15
0	5
0	1
0	10
0	6
0	7
0	16
0	21
0	29
0	19
0	32
0	25
0	23
0	27
0	20
0	26
0	28
0	22
0	18
0	30
0	24
0	17
0	31
0	35
0	36
0	38
0	43
0	48
86	47
88	49
89	50
90	37
91	34
92	33
93	39
94	45
95	46
96	41
97	40
98	44
99	42
100	87
-	-
a	b
---------------------------------------------------
count_b : 85
rrb
pa
sa
---------------------------------------------------
0	0
0	0
0	0
0	0
0	0
0	0
0	0
0	0
0	0
0	0
0	0
0	0
0	0
0	0
0	0
0	84
0	59
0	85
0	83
0	77
0	82
0	67
0	72
0	73
0	70
0	79
0	71
0	76
0	78
0	80
0	74
0	75
0	68
0	81
0	66
0	69
0	56
0	63
0	53
0	54
0	52
0	65
0	57
0	62
0	58
0	60
0	64
0	51
0	55
0	61
0	13
0	14
0	9
0	8
0	2
0	12
0	3
0	11
0	4
0	15
0	5
0	1
0	10
0	6
0	7
0	16
0	21
0	29
0	19
0	32
0	25
0	23
0	27
0	20
0	26
0	28
0	22
0	18
0	30
0	24
0	17
0	31
0	35
0	36
0	38
86	43
87	48
88	47
89	49
90	50
91	37
92	34
93	33
94	39
95	45
96	46
97	41
98	40
99	44
100	42
-	-
a	b
---------------------------------------------------
count_b : 82
pa
---------------------------------------------------
0	0
0	0
0	0
0	0
0	0
0	0
0	0
0	0
0	0
0	0
0	0
0	0
0	0
0	0
0	0
0	0
0	59
0	85
0	83
0	77
0	82
0	67
0	72
0	73
0	70
0	79
0	71
0	76
0	78
0	80
0	74
0	75
0	68
0	81
0	66
0	69
0	56
0	63
0	53
0	54
0	52
0	65
0	57
0	62
0	58
0	60
0	64
0	51
0	55
0	61
0	13
0	14
0	9
0	8
0	2
0	12
0	3
0	11
0	4
0	15
0	5
0	1
0	10
0	6
0	7
0	16
0	21
0	29
0	19
0	32
0	25
0	23
0	27
0	20
0	26
0	28
0	22
0	18
0	30
0	24
0	17
0	31
0	35
0	36
84	38
86	43
87	48
88	47
89	49
90	50
91	37
92	34
93	33
94	39
95	45
96	46
97	41
98	40
99	44
100	42
-	-
a	b
---------------------------------------------------
count_b : 82
rb
pa
sa
---------------------------------------------------
0	0
0	0
0	0
0	0
0	0
0	0
0	0
0	0
0	0
0	0
0	0
0	0
0	0
0	0
0	0
0	0
0	0
0	83
0	77
0	82
0	67
0	72
0	73
0	70
0	79
0	71
0	76
0	78
0	80
0	74
0	75
0	68
0	81
0	66
0	69
0	56
0	63
0	53
0	54
0	52
0	65
0	57
0	62
0	58
0	60
0	64
0	51
0	55
0	61
0	13
0	14
0	9
0	8
0	2
0	12
0	3
0	11
0	4
0	15
0	5
0	1
0	10
0	6
0	7
0	16
0	21
0	29
0	19
0	32
0	25
0	23
0	27
0	20
0	26
0	28
0	22
0	18
0	30
0	24
0	17
0	31
0	35
0	36
84	38
85	43
86	48
87	47
88	49
89	50
90	37
91	34
92	33
93	39
94	45
95	46
96	41
97	40
98	44
99	42
100	59
-	-
a	b
---------------------------------------------------
count_b : 82
pa
---------------------------------------------------
0	0
0	0
0	0
0	0
0	0
0	0
0	0
0	0
0	0
0	0
0	0
0	0
0	0
0	0
0	0
0	0
0	0
0	0
0	77
0	82
0	67
0	72
0	73
0	70
0	79
0	71
0	76
0	78
0	80
0	74
0	75
0	68
0	81
0	66
0	69
0	56
0	63
0	53
0	54
0	52
0	65
0	57
0	62
0	58
0	60
0	64
0	51
0	55
0	61
0	13
0	14
0	9
0	8
0	2
0	12
0	3
0	11
0	4
0	15
0	5
0	1
0	10
0	6
0	7
0	16
0	21
0	29
0	19
0	32
0	25
0	23
0	27
0	20
0	26
0	28
0	22
0	18
0	30
0	24
0	17
0	31
0	35
83	36
84	38
85	43
86	48
87	47
88	49
89	50
90	37
91	34
92	33
93	39
94	45
95	46
96	41
97	40
98	44
99	42
100	59
-	-
a	b
---------------------------------------------------
count_b : 79
rb
pa
---------------------------------------------------
0	0
0	0
0	0
0	0
0	0
0	0
0	0
0	0
0	0
0	0
0	0
0	0
0	0
0	0
0	0
0	0
0	0
0	0
0	0
0	67
0	72
0	73
0	70
0	79
0	71
0	76
0	78
0	80
0	74
0	75
0	68
0	81
0	66
0	69
0	56
0	63
0	53
0	54
0	52
0	65
0	57
0	62
0	58
0	60
0	64
0	51
0	55
0	61
0	13
0	14
0	9
0	8
0	2
0	12
0	3
0	11
0	4
0	15
0	5
0	1
0	10
0	6
0	7
0	16
0	21
0	29
0	19
0	32
0	25
0	23
0	27
0	20
0	26
0	28
0	22
0	18
0	30
0	24
0	17
0	31
0	35
82	36
83	38
84	43
85	48
86	47
87	49
88	50
89	37
90	34
91	33
92	39
93	45
94	46
95	41
96	40
97	44
98	42
99	59
100	77
-	-
a	b
---------------------------------------------------
count_b : 79
rb
rb
rb
rb
rb
rb
rb
rb
pa
---------------------------------------------------
0	0
0	0
0	0
0	0
0	0
0	0
0	0
0	0
0	0
0	0
0	0
0	0
0	0
0	0
0	0
0	0
0	0
0	0
0	0
0	0
0	74
0	75
0	68
0	81
0	66
0	69
0	56
0	63
0	53
0	54
0	52
0	65
0	57
0	62
0	58
0	60
0	64
0	51
0	55
0	61
0	13
0	14
0	9
0	8
0	2
0	12
0	3
0	11
0	4
0	15
0	5
0	1
0	10
0	6
0	7
0	16
0	21
0	29
0	19
0	32
0	25
0	23
0	27
0	20
0	26
0	28
0	22
0	18
0	30
0	24
0	17
0	31
0	35
0	36
0	38
0	43
0	48
0	47
0	49
0	50
80	37
82	34
83	33
84	39
85	45
86	46
87	41
88	40
89	44
90	42
91	59
92	77
93	67
94	72
95	73
96	70
97	79
98	71
99	76
100	78
-	-
a	b
---------------------------------------------------
count_b : 79
rb
rb
rb
pa
sa
---------------------------------------------------
0	0
0	0
0	0
0	0
0	0
0	0
0	0
0	0
0	0
0	0
0	0
0	0
0	0
0	0
0	0
0	0
0	0
0	0
0	0
0	0
0	0
0	66
0	69
0	56
0	63
0	53
0	54
0	52
0	65
0	57
0	62
0	58
0	60
0	64
0	51
0	55
0	61
0	13
0	14
0	9
0	8
0	2
0	12
0	3
0	11
0	4
0	15
0	5
0	1
0	10
0	6
0	7
0	16
0	21
0	29
0	19
0	32
0	25
0	23
0	27
0	20
0	26
0	28
0	22
0	18
0	30
0	24
0	17
0	31
0	35
0	36
0	38
0	43
0	48
0	47
0	49
0	50
0	37
0	34
80	33
81	39
82	45
83	46
84	41
85	40
86	44
87	42
88	59
89	77
90	67
91	72
92	73
93	70
94	79
95	71
96	76
97	78
98	74
99	75
100	68
-	-
a	b
---------------------------------------------------
count_b : 76
rrb
rrb
rrb
rrb
pa
---------------------------------------------------
0	0
0	0
0	0
0	0
0	0
0	0
0	0
0	0
0	0
0	0
0	0
0	0
0	0
0	0
0	0
0	0
0	0
0	0
0	0
0	0
0	0
0	0
0	74
0	75
0	68
0	66
0	69
0	56
0	63
0	53
0	54
0	52
0	65
0	57
0	62
0	58
0	60
0	64
0	51
0	55
0	61
0	13
0	14
0	9
0	8
0	2
0	12
0	3
0	11
0	4
0	15
0	5
0	1
0	10
0	6
0	7
0	16
0	21
0	29
0	19
0	32
0	25
0	23
0	27
0	20
0	26
0	28
0	22
0	18
0	30
0	24
0	17
0	31
0	35
0	36
0	38
0	43
0	48
78	47
80	49
81	50
82	37
83	34
84	33
85	39
86	45
87	46
88	41
89	40
90	44
91	42
92	59
93	77
94	67
95	72
96	73
97	70
98	79
99	71
100	76
-	-
a	b
---------------------------------------------------
count_b : 76
rrb
rrb
rrb
pa
sa
---------------------------------------------------
0	0
0	0
0	0
0	0
0	0
0	0
0	0
0	0
0	0
0	0
0	0
0	0
0	0
0	0
0	0
0	0
0	0
0	0
0	0
0	0
0	0
0	0
0	0
0	71
0	76
0	74
0	75
0	68
0	66
0	69
0	56
0	63
0	53
0	54
0	52
0	65
0	57
0	62
0	58
0	60
0	64
0	51
0	55
0	61
0	13
0	14
0	9
0	8
0	2
0	12
0	3
0	11
0	4
0	15
0	5
0	1
0	10
0	6
0	7
0	16
0	21
0	29
0	19
0	32
0	25
0	23
0	27
0	20
0	26
0	28
0	22
0	18
0	30
0	24
0	17
0	31
0	35
78	36
79	38
80	43
81	48
82	47
83	49
84	50
85	37
86	34
87	33
88	39
89	45
90	46
91	41
92	40
93	44
94	42
95	59
96	77
97	67
98	72
99	73
100	70
-	-
a	b
---------------------------------------------------
count_b : 76
rrb
rrb
rrb
rrb
rrb
pa
---------------------------------------------------
0	0
0	0
0	0
0	0
0	0
0	0
0	0
0	0
0	0
0	0
0	0
0	0
0	0
0	0
0	0
0	0
0	0
0	0
0	0
0	0
0	0
0	0
0	0
0	0
0	67
0	72
0	73
0	70
0	71
0	76
0	74
0	75
0	68
0	66
0	69
0	56
0	63
0	53
0	54
0	52
0	65
0	57
0	62
0	58
0	60
0	64
0	51
0	55
0	61
0	13
0	14
0	9
0	8
0	2
0	12
0	3
0	11
0	4
0	15
0	5
0	1
0	10
0	6
0	7
0	16
0	21
0	29
0	19
0	32
0	25
0	23
0	27
0	20
0	26
0	28
0	22
77	18
78	30
79	24
80	17
81	31
82	35
83	36
84	38
85	43
86	48
87	47
88	49
89	50
90	37
91	34
92	33
93	39
94	45
95	46
96	41
97	40
98	44
99	42
100	59
-	-
a	b
---------------------------------------------------
count_b : 73
rb
rb
rb
rb
rb
pa
---------------------------------------------------
0	0
0	0
0	0
0	0
0	0
0	0
0	0
0	0
0	0
0	0
0	0
0	0
0	0
0	0
0	0
0	0
0	0
0	0
0	0
0	0
0	0
0	0
0	0
0	0
0	0
0	74
0	75
0	68
0	66
0	69
0	56
0	63
0	53
0	54
0	52
0	65
0	57
0	62
0	58
0	60
0	64
0	51
0	55
0	61
0	13
0	14
0	9
0	8
0	2
0	12
0	3
0	11
0	4
0	15
0	5
0	1
0	10
0	6
0	7
0	16
0	21
0	29
0	19
0	32
0	25
0	23
0	27
0	20
0	26
0	28
0	22
0	18
0	30
0	24
0	17
76	31
77	35
78	36
79	38
80	43
81	48
82	47
83	49
84	50
85	37
86	34
87	33
88	39
89	45
90	46
91	41
92	40
93	44
94	42
95	59
96	67
97	72
98	73
99	70
100	71
-	-
a	b
---------------------------------------------------
count_b : 73
pa
---------------------------------------------------
0	0
0	0
0	0
0	0
0	0
0	0
0	0
0	0
0	0
0	0
0	0
0	0
0	0
0	0
0	0
0	0
0	0
0	0
0	0
0	0
0	0
0	0
0	0
0	0
0	0
0	0
0	75
0	68
0	66
0	69
0	56
0	63
0	53
0	54
0	52
0	65
0	57
0	62
0	58
0	60
0	64
0	51
0	55
0	61
0	13
0	14
0	9
0	8
0	2
0	12
0	3
0	11
0	4
0	15
0	5
0	1
0	10
0	6
0	7
0	16
0	21
0	29
0	19
0	32
0	25
0	23
0	27
0	20
0	26
0	28
0	22
0	18
0	30
0	24
74	17
76	31
77	35
78	36
79	38
80	43
81	48
82	47
83	49
84	50
85	37
86	34
87	33
88	39
89	45
90	46
91	41
92	40
93	44
94	42
95	59
96	67
97	72
98	73
99	70
100	71
-	-
a	b
---------------------------------------------------
count_b : 73
pa
sa
---------------------------------------------------
0	0
0	0
0	0
0	0
0	0
0	0
0	0
0	0
0	0
0	0
0	0
0	0
0	0
0	0
0	0
0	0
0	0
0	0
0	0
0	0
0	0
0	0
0	0
0	0
0	0
0	0
0	0
0	68
0	66
0	69
0	56
0	63
0	53
0	54
0	52
0	65
0	57
0	62
0	58
0	60
0	64
0	51
0	55
0	61
0	13
0	14
0	9
0	8
0	2
0	12
0	3
0	11
0	4
0	15
0	5
0	1
0	10
0	6
0	7
0	16
0	21
0	29
0	19
0	32
0	25
0	23
0	27
0	20
0	26
0	28
0	22
0	18
0	30
74	24
75	17
76	31
77	35
78	36
79	38
80	43
81	48
82	47
83	49
84	50
85	37
86	34
87	33
88	39
89	45
90	46
91	41
92	40
93	44
94	42
95	59
96	67
97	72
98	73
99	70
100	71
-	-
a	b
---------------------------------------------------
count_b : 70
rrb
pa
---------------------------------------------------
0	0
0	0
0	0
0	0
0	0
0	0
0	0
0	0
0	0
0	0
0	0
0	0
0	0
0	0
0	0
0	0
0	0
0	0
0	0
0	0
0	0
0	0
0	0
0	0
0	0
0	0
0	0
0	0
0	68
0	66
0	69
0	56
0	63
0	53
0	54
0	52
0	65
0	57
0	62
0	58
0	60
0	64
0	51
0	55
0	61
0	13
0	14
0	9
0	8
0	2
0	12
0	3
0	11
0	4
0	15
0	5
0	1
0	10
0	6
0	7
0	16
0	21
0	29
0	19
0	32
0	25
0	23
0	27
0	20
0	26
0	28
0	22
71	18
74	30
75	24
76	17
77	31
78	35
79	36
80	38
81	43
82	48
83	47
84	49
85	50
86	37
87	34
88	33
89	39
90	45
91	46
92	41
93	40
94	44
95	42
96	59
97	67
98	72
99	73
100	70
-	-
a	b
---------------------------------------------------
count_b : 70
rrb
rrb
pa
sa
---------------------------------------------------
0	0
0	0
0	0
0	0
0	0
0	0
0	0
0	0
0	0
0	0
0	0
0	0
0	0
0	0
0	0
0	0
0	0
0	0
0	0
0	0
0	0
0	0
0	0
0	0
0	0
0	0
0	0
0	0
0	0
0	70
0	68
0	66
0	69
0	56
0	63
0	53
0	54
0	52
0	65
0	57
0	62
0	58
0	60
0	64
0	51
0	55
0	61
0	13
0	14
0	9
0	8
0	2
0	12
0	3
0	11
0	4
0	15
0	5
0	1
0	10
0	6
0	7
0	16
0	21
0	29
0	19
0	32
0	25
0	23
0	27
0	20
71	26
73	28
74	22
75	18
76	30
77	24
78	17
79	31
80	35
81	36
82	38
83	43
84	48
85	47
86	49
87	50
88	37
89	34
90	33
91	39
92	45
93	46
94	41
95	40
96	44
97	42
98	59
99	67
100	72
-	-
a	b
---------------------------------------------------
count_b : 70
rrb
pa
sa
---------------------------------------------------
0	0
0	0
0	0
0	0
0	0
0	0
0	0
0	0
0	0
0	0
0	0
0	0
0	0
0	0
0	0
0	0
0	0
0	0
0	0
0	0
0	0
0	0
0	0
0	0
0	0
0	0
0	0
0	0
0	0
0	0
0	70
0	68
0	66
0	69
0	56
0	63
0	53
0	54
0	52
0	65
0	57
0	62
0	58
0	60
0	64
0	51
0	55
0	61
0	13
0	14
0	9
0	8
0	2
0	12
0	3
0	11
0	4
0	15
0	5
0	1
0	10
0	6
0	7
0	16
0	21
0	29
0	19
0	32
0	25
0	23
71	27
72	20
73	26
74	28
75	22
76	18
77	30
78	24
79	17
80	31
81	35
82	36
83	38
84	43
85	48
86	47
87	49
88	50
89	37
90	34
91	33
92	39
93	45
94	46
95	41
96	40
97	44
98	42
99	59
100	67
-	-
a	b
---------------------------------------------------
count_b : 67
pa
---------------------------------------------------
0	0
0	0
0	0
0	0
0	0
0	0
0	0
0	0
0	0
0	0
0	0
0	0
0	0
0	0
0	0
0	0
0	0
0	0
0	0
0	0
0	0
0	0
0	0
0	0
0	0
0	0
0	0
0	0
0	0
0	0
0	0
0	68
0	66
0	69
0	56
0	63
0	53
0	54
0	52
0	65
0	57
0	62
0	58
0	60
0	64
0	51
0	55
0	61
0	13
0	14
0	9
0	8
0	2
0	12
0	3
0	11
0	4
0	15
0	5
0	1
0	10
0	6
0	7
0	16
0	21
0	29
0	19
0	32
0	25
70	23
71	27
72	20
73	26
74	28
75	22
76	18
77	30
78	24
79	17
80	31
81	35
82	36
83	38
84	43
85	48
86	47
87	49
88	50
89	37
90	34
91	33
92	39
93	45
94	46
95	41
96	40
97	44
98	42
99	59
100	67
-	-
a	b
---------------------------------------------------
count_b : 67
pa
---------------------------------------------------
0	0
0	0
0	0
0	0
0	0
0	0
0	0
0	0
0	0
0	0
0	0
0	0
0	0
0	0
0	0
0	0
0	0
0	0
0	0
0	0
0	0
0	0
0	0
0	0
0	0
0	0
0	0
0	0
0	0
0	0
0	0
0	0
0	66
0	69
0	56
0	63
0	53
0	54
0	52
0	65
0	57
0	62
0	58
0	60
0	64
0	51
0	55
0	61
0	13
0	14
0	9
0	8
0	2
0	12
0	3
0	11
0	4
0	15
0	5
0	1
0	10
0	6
0	7
0	16
0	21
0	29
0	19
0	32
68	25
70	23
71	27
72	20
73	26
74	28
75	22
76	18
77	30
78	24
79	17
80	31
81	35
82	36
83	38
84	43
85	48
86	47
87	49
88	50
89	37
90	34
91	33
92	39
93	45
94	46
95	41
96	40
97	44
98	42
99	59
100	67
-	-
a	b
---------------------------------------------------
count_b : 67
rb
pa
sa
---------------------------------------------------
0	0
0	0
0	0
0	0
0	0
0	0
0	0
0	0
0	0
0	0
0	0
0	0
0	0
0	0
0	0
0	0
0	0
0	0
0	0
0	0
0	0
0	0
0	0
0	0
0	0
0	0
0	0
0	0
0	0
0	0
0	0
0	0
0	0
0	56
0	63
0	53
0	54
0	52
0	65
0	57
0	62
0	58
0	60
0	64
0	51
0	55
0	61
0	13
0	14
0	9
0	8
0	2
0	12
0	3
0	11
0	4
0	15
0	5
0	1
0	10
0	6
0	7
0	16
0	21
0	29
0	19
0	32
68	25
69	23
70	27
71	20
72	26
73	28
74	22
75	18
76	30
77	24
78	17
79	31
80	35
81	36
82	38
83	43
84	48
85	47
86	49
87	50
88	37
89	34
90	33
91	39
92	45
93	46
94	41
95	40
96	44
97	42
98	59
99	67
100	66
-	-
a	b
---------------------------------------------------
count_b : 64
rrb
pa
---------------------------------------------------
0	0
0	0
0	0
0	0
0	0
0	0
0	0
0	0
0	0
0	0
0	0
0	0
0	0
0	0
0	0
0	0
0	0
0	0
0	0
0	0
0	0
0	0
0	0
0	0
0	0
0	0
0	0
0	0
0	0
0	0
0	0
0	0
0	0
0	0
0	56
0	63
0	53
0	54
0	52
0	65
0	57
0	62
0	58
0	60
0	64
0	51
0	55
0	61
0	13
0	14
0	9
0	8
0	2
0	12
0	3
0	11
0	4
0	15
0	5
0	1
0	10
0	6
0	7
0	16
0	21
0	29
66	19
68	32
69	25
70	23
71	27
72	20
73	26
74	28
75	22
76	18
77	30
78	24
79	17
80	31
81	35
82	36
83	38
84	43
85	48
86	47
87	49
88	50
89	37
90	34
91	33
92	39
93	45
94	46
95	41
96	40
97	44
98	42
99	59
100	67
-	-
a	b
---------------------------------------------------
count_b : 64
rrb
pa
sa
---------------------------------------------------
0	0
0	0
0	0
0	0
0	0
0	0
0	0
0	0
0	0
0	0
0	0
0	0
0	0
0	0
0	0
0	0
0	0
0	0
0	0
0	0
0	0
0	0
0	0
0	0
0	0
0	0
0	0
0	0
0	0
0	0
0	0
0	0
0	0
0	0
0	0
0	56
0	63
0	53
0	54
0	52
0	65
0	57
0	62
0	58
0	60
0	64
0	51
0	55
0	61
0	13
0	14
0	9
0	8
0	2
0	12
0	3
0	11
0	4
0	15
0	5
0	1
0	10
0	6
0	7
0	16
66	21
67	29
68	19
69	32
70	25
71	23
72	27
73	20
74	26
75	28
76	22
77	18
78	30
79	24
80	17
81	31
82	35
83	36
84	38
85	43
86	48
87	47
88	49
89	50
90	37
91	34
92	33
93	39
94	45
95	46
96	41
97	40
98	44
99	42
100	59
-	-
a	b
---------------------------------------------------
count_b : 64
rb
rb
rb
rb
rb
pa
---------------------------------------------------
0	0
0	0
0	0
0	0
0	0
0	0
0	0
0	0
0	0
0	0
0	0
0	0
0	0
0	0
0	0
0	0
0	0
0	0
0	0
0	0
0	0
0	0
0	0
0	0
0	0
0	0
0	0
0	0
0	0
0	0
0	0
0	0
0	0
0	0
0	0
0	0
0	57
0	62
0	58
0	60
0	64
0	51
0	55
0	61
0	13
0	14
0	9
0	8
0	2
0	12
0	3
0	11
0	4
0	15
0	5
0	1
0	10
0	6
0	7
0	16
0	21
0	29
0	19
0	32
65	25
66	23
67	27
68	20
69	26
70	28
71	22
72	18
73	30
74	24
75	17
76	31
77	35
78	36
79	38
80	43
81	48
82	47
83	49
84	50
85	37
86	34
87	33
88	39
89	45
90	46
91	41
92	40
93	44
94	42
95	59
96	56
97	63
98	53
99	54
100	52
-	-
a	b
---------------------------------------------------
count_b : 61
rb
pa
---------------------------------------------------
0	0
0	0
0	0
0	0
0	0
0	0
0	0
0	0
0	0
0	0
0	0
0	0
0	0
0	0
0	0
0	0
0	0
0	0
0	0
0	0
0	0
0	0
0	0
0	0
0	0
0	0
0	0
0	0
0	0
0	0
0	0
0	0
0	0
0	0
0	0
0	0
0	0
0	58
0	60
0	64
0	51
0	55
0	61
0	13
0	14
0	9
0	8
0	2
0	12
0	3
0	11
0	4
0	15
0	5
0	1
0	10
0	6
0	7
0	16
0	21
0	29
0	19
0	32
62	25
65	23
66	27
67	20
68	26
69	28
70	22
71	18
72	30
73	24
74	17
75	31
76	35
77	36
78	38
79	43
80	48
81	47
82	49
83	50
84	37
85	34
86	33
87	39
88	45
89	46
90	41
91	40
92	44
93	42
94	59
95	56
96	63
97	53
98	54
99	52
100	57
-	-
a	b
---------------------------------------------------
count_b : 61
rb
rb
pa
sa
---------------------------------------------------
0	0
0	0
0	0
0	0
0	0
0	0
0	0
0	0
0	0
0	0
0	0
0	0
0	0
0	0
0	0
0	0
0	0
0	0
0	0
0	0
0	0
0	0
0	0
0	0
0	0
0	0
0	0
0	0
0	0
0	0
0	0
0	0
0	0
0	0
0	0
0	0
0	0
0	0
0	51
0	55
0	61
0	13
0	14
0	9
0	8
0	2
0	12
0	3
0	11
0	4
0	15
0	5
0	1
0	10
0	6
0	7
0	16
0	21
0	29
0	19
0	32
0	25
62	23
64	27
65	20
66	26
67	28
68	22
69	18
70	30
71	24
72	17
73	31
74	35
75	36
76	38
77	43
78	48
79	47
80	49
81	50
82	37
83	34
84	33
85	39
86	45
87	46
88	41
89	40
90	44
91	42
92	59
93	56
94	63
95	53
96	54
97	52
98	57
99	58
100	60
-	-
a	b
---------------------------------------------------
count_b : 61
rrb
rrb
rrb
rrb
rrb
rrb
rrb
pa
sa
---------------------------------------------------
0	0
0	0
0	0
0	0
0	0
0	0
0	0
0	0
0	0
0	0
0	0
0	0
0	0
0	0
0	0
0	0
0	0
0	0
0	0
0	0
0	0
0	0
0	0
0	0
0	0
0	0
0	0
0	0
0	0
0	0
0	0
0	0
0	0
0	0
0	0
0	0
0	0
0	0
0	0
0	53
0	54
0	52
0	57
0	58
0	60
0	51
0	55
0	61
0	13
0	14
0	9
0	8
0	2
0	12
0	3
0	11
0	4
0	15
0	5
0	1
0	10
62	6
63	7
64	16
65	21
66	29
67	19
68	32
69	25
70	23
71	27
72	20
73	26
74	28
75	22
76	18
77	30
78	24
79	17
80	31
81	35
82	36
83	38
84	43
85	48
86	47
87	49
88	50
89	37
90	34
91	33
92	39
93	45
94	46
95	41
96	40
97	44
98	42
99	59
100	56
-	-
a	b
---------------------------------------------------
count_b : 58
rrb
rrb
pa
---------------------------------------------------
0	0
0	0
0	0
0	0
0	0
0	0
0	0
0	0
0	0
0	0
0	0
0	0
0	0
0	0
0	0
0	0
0	0
0	0
0	0
0	0
0	0
0	0
0	0
0	0
0	0
0	0
0	0
0	0
0	0
0	0
0	0
0	0
0	0
0	0
0	0
0	0
0	0
0	0
0	0
0	0
0	56
0	53
0	54
0	52
0	57
0	58
0	60
0	51
0	55
0	61
0	13
0	14
0	9
0	8
0	2
0	12
0	3
0	11
0	4
0	15
59	5
62	1
63	10
64	6
65	7
66	16
67	21
68	29
69	19
70	32
71	25
72	23
73	27
74	20
75	26
76	28
77	22
78	18
79	30
80	24
81	17
82	31
83	35
84	36
85	38
86	43
87	48
88	47
89	49
90	50
91	37
92	34
93	33
94	39
95	45
96	46
97	41
98	40
99	44
100	42
-	-
a	b
---------------------------------------------------
count_b : 58
rb
rb
rb
rb
rb
rb
pa
sa
---------------------------------------------------
0	0
0	0
0	0
0	0
0	0
0	0
0	0
0	0
0	0
0	0
0	0
0	0
0	0
0	0
0	0
0	0
0	0
0	0
0	0
0	0
0	0
0	0
0	0
0	0
0	0
0	0
0	0
0	0
0	0
0	0
0	0
0	0
0	0
0	0
0	0
0	0
0	0
0	0
0	0
0	0
0	0
0	51
0	55
0	61
0	13
0	14
0	9
0	8
0	2
0	12
0	3
0	11
0	4
0	15
0	5
0	1
0	10
0	6
0	7
59	16
60	21
62	29
63	19
64	32
65	25
66	23
67	27
68	20
69	26
70	28
71	22
72	18
73	30
74	24
75	17
76	31
77	35
78	36
79	38
80	43
81	48
82	47
83	49
84	50
85	37
86	34
87	33
88	39
89	45
90	46
91	41
92	40
93	44
94	42
95	56
96	53
97	54
98	52
99	57
100	58
-	-
a	b
---------------------------------------------------
count_b : 58
rb
rb
ra
ra
pa
rra
rra
---------------------------------------------------
0	0
0	0
0	0
0	0
0	0
0	0
0	0
0	0
0	0
0	0
0	0
0	0
0	0
0	0
0	0
0	0
0	0
0	0
0	0
0	0
0	0
0	0
0	0
0	0
0	0
0	0
0	0
0	0
0	0
0	0
0	0
0	0
0	0
0	0
0	0
0	0
0	0
0	0
0	0
0	0
0	0
0	0
0	13
0	14
0	9
0	8
0	2
0	12
0	3
0	11
0	4
0	15
0	5
0	1
0	10
0	6
0	7
0	16
59	21
60	29
61	19
62	32
63	25
64	23
65	27
66	20
67	26
68	28
69	22
70	18
71	30
72	24
73	17
74	31
75	35
76	36
77	38
78	43
79	48
80	47
81	49
82	50
83	37
84	34
85	33
86	39
87	45
88	46
89	41
90	40
91	44
92	42
93	56
94	53
95	54
96	52
97	57
98	58
99	51
100	55
-	-
a	b
---------------------------------------------------
count_b : 55
rrb
rrb
rrb
pa
---------------------------------------------------
0	0
0	0
0	0
0	0
0	0
0	0
0	0
0	0
0	0
0	0
0	0
0	0
0	0
0	0
0	0
0	0
0	0
0	0
0	0
0	0
0	0
0	0
0	0
0	0
0	0
0	0
0	0
0	0
0	0
0	0
0	0
0	0
0	0
0	0
0	0
0	0
0	0
0	0
0	0
0	0
0	0
0	0
0	0
0	51
0	55
0	13
0	14
0	9
0	8
0	2
0	12
0	3
0	11
0	4
0	15
0	5
0	1
58	10
59	6
60	7
61	16
62	21
63	29
64	19
65	32
66	25
67	23
68	27
69	20
70	26
71	28
72	22
73	18
74	30
75	24
76	17
77	31
78	35
79	36
80	38
81	43
82	48
83	47
84	49
85	50
86	37
87	34
88	33
89	39
90	45
91	46
92	41
93	40
94	44
95	42
96	56
97	53
98	54
99	52
100	57
-	-
a	b
---------------------------------------------------
count_b : 55
rrb
pa
---------------------------------------------------
0	0
0	0
0	0
0	0
0	0
0	0
0	0
0	0
0	0
0	0
0	0
0	0
0	0
0	0
0	0
0	0
0	0
0	0
0	0
0	0
0	0
0	0
0	0
0	0
0	0
0	0
0	0
0	0
0	0
0	0
0	0
0	0
0	0
0	0
0	0
0	0
0	0
0	0
0	0
0	0
0	0
0	0
0	0
0	0
0	51
0	55
0	13
0	14
0	9
0	8
0	2
0	12
0	3
0	11
0	4
0	15
57	5
58	1
59	10
60	6
61	7
62	16
63	21
64	29
65	19
66	32
67	25
68	23
69	27
70	20
71	26
72	28
73	22
74	18
75	30
76	24
77	17
78	31
79	35
80	36
81	38
82	43
83	48
84	47
85	49
86	50
87	37
88	34
89	33
90	39
91	45
92	46
93	41
94	40
95	44
96	42
97	56
98	53
99	54
100	52
-	-
a	b
---------------------------------------------------
count_b : 55
rrb
rrb
rrb
rrb
pa
---------------------------------------------------
0	0
0	0
0	0
0	0
0	0
0	0
0	0
0	0
0	0
0	0
0	0
0	0
0	0
0	0
0	0
0	0
0	0
0	0
0	0
0	0
0	0
0	0
0	0
0	0
0	0
0	0
0	0
0	0
0	0
0	0
0	0
0	0
0	0
0	0
0	0
0	0
0	0
0	0
0	0
0	0
0	0
0	0
0	0
0	0
0	0
0	53
0	54
0	52
0	51
0	55
0	13
0	14
0	9
0	8
0	2
56	12
57	3
58	11
59	4
60	15
61	5
62	1
63	10
64	6
65	7
66	16
67	21
68	29
69	19
70	32
71	25
72	23
73	27
74	20
75	26
76	28
77	22
78	18
79	30
80	24
81	17
82	31
83	35
84	36
85	38
86	43
87	48
88	47
89	49
90	50
91	37
92	34
93	33
94	39
95	45
96	46
97	41
98	40
99	44
100	42
-	-
a	b
---------------------------------------------------
count_b : 52
pa
---------------------------------------------------
0	0
0	0
0	0
0	0
0	0
0	0
0	0
0	0
0	0
0	0
0	0
0	0
0	0
0	0
0	0
0	0
0	0
0	0
0	0
0	0
0	0
0	0
0	0
0	0
0	0
0	0
0	0
0	0
0	0
0	0
0	0
0	0
0	0
0	0
0	0
0	0
0	0
0	0
0	0
0	0
0	0
0	0
0	0
0	0
0	0
0	0
0	54
0	52
0	51
0	55
0	13
0	14
0	9
0	8
53	2
56	12
57	3
58	11
59	4
60	15
61	5
62	1
63	10
64	6
65	7
66	16
67	21
68	29
69	19
70	32
71	25
72	23
73	27
74	20
75	26
76	28
77	22
78	18
79	30
80	24
81	17
82	31
83	35
84	36
85	38
86	43
87	48
88	47
89	49
90	50
91	37
92	34
93	33
94	39
95	45
96	46
97	41
98	40
99	44
100	42
-	-
a	b
---------------------------------------------------
count_b : 52
pa
sa
---------------------------------------------------
0	0
0	0
0	0
0	0
0	0
0	0
0	0
0	0
0	0
0	0
0	0
0	0
0	0
0	0
0	0
0	0
0	0
0	0
0	0
0	0
0	0
0	0
0	0
0	0
0	0
0	0
0	0
0	0
0	0
0	0
0	0
0	0
0	0
0	0
0	0
0	0
0	0
0	0
0	0
0	0
0	0
0	0
0	0
0	0
0	0
0	0
0	0
0	52
0	51
0	55
0	13
0	14
0	9
53	8
54	2
56	12
57	3
58	11
59	4
60	15
61	5
62	1
63	10
64	6
65	7
66	16
67	21
68	29
69	19
70	32
71	25
72	23
73	27
74	20
75	26
76	28
77	22
78	18
79	30
80	24
81	17
82	31
83	35
84	36
85	38
86	43
87	48
88	47
89	49
90	50
91	37
92	34
93	33
94	39
95	45
96	46
97	41
98	40
99	44
100	42
-	-
a	b
---------------------------------------------------
count_b : 52
rb
rb
ra
ra
pa
rra
rra
---------------------------------------------------
0	0
0	0
0	0
0	0
0	0
0	0
0	0
0	0
0	0
0	0
0	0
0	0
0	0
0	0
0	0
0	0
0	0
0	0
0	0
0	0
0	0
0	0
0	0
0	0
0	0
0	0
0	0
0	0
0	0
0	0
0	0
0	0
0	0
0	0
0	0
0	0
0	0
0	0
0	0
0	0
0	0
0	0
0	0
0	0
0	0
0	0
0	0
0	0
0	13
0	14
0	9
0	8
53	2
54	12
55	3
56	11
57	4
58	15
59	5
60	1
61	10
62	6
63	7
64	16
65	21
66	29
67	19
68	32
69	25
70	23
71	27
72	20
73	26
74	28
75	22
76	18
77	30
78	24
79	17
80	31
81	35
82	36
83	38
84	43
85	48
86	47
87	49
88	50
89	37
90	34
91	33
92	39
93	45
94	46
95	41
96	40
97	44
98	42
99	52
100	51
-	-
a	b
---------------------------------------------------
count_b : 49
rrb
pa
---------------------------------------------------
0	0
0	0
0	0
0	0
0	0
0	0
0	0
0	0
0	0
0	0
0	0
0	0
0	0
0	0
0	0
0	0
0	0
0	0
0	0
0	0
0	0
0	0
0	0
0	0
0	0
0	0
0	0
0	0
0	0
0	0
0	0
0	0
0	0
0	0
0	0
0	0
0	0
0	0
0	0
0	0
0	0
0	0
0	0
0	0
0	0
0	0
0	0
0	0
0	0
0	13
0	14
51	9
53	8
54	2
55	12
56	3
57	11
58	4
59	15
60	5
61	1
62	10
63	6
64	7
65	16
66	21
67	29
68	19
69	32
70	25
71	23
72	27
73	20
74	26
75	28
76	22
77	18
78	30
79	24
80	17
81	31
82	35
83	36
84	38
85	43
86	48
87	47
88	49
89	50
90	37
91	34
92	33
93	39
94	45
95	46
96	41
97	40
98	44
99	42
100	52
-	-
a	b
---------------------------------------------------
count_b : 49
rrb
pa
sa
---------------------------------------------------
0	0
0	0
0	0
0	0
0	0
0	0
0	0
0	0
0	0
0	0
0	0
0	0
0	0
0	0
0	0
0	0
0	0
0	0
0	0
0	0
0	0
0	0
0	0
0	0
0	0
0	0
0	0
0	0
0	0
0	0
0	0
0	0
0	0
0	0
0	0
0	0
0	0
0	0
0	0
0	0
0	0
0	0
0	0
0	0
0	0
0	0
0	0
0	0
0	0
0	0
51	13
52	14
53	9
54	8
55	2
56	12
57	3
58	11
59	4
60	15
61	5
62	1
63	10
64	6
65	7
66	16
67	21
68	29
69	19
70	32
71	25
72	23
73	27
74	20
75	26
76	28
77	22
78	18
79	30
80	24
81	17
82	31
83	35
84	36
85	38
86	43
87	48
88	47
89	49
90	50
91	37
92	34
93	33
94	39
95	45
96	46
97	41
98	40
99	44
100	42
-	-
a	b
---------------------------------------------------
count_b : 49
rrb
rrb
rrb
rrb
rrb
rrb
rrb
rrb
rrb
rrb
rrb
pa
---------------------------------------------------
0	0
0	0
0	0
0	0
0	0
0	0
0	0
0	0
0	0
0	0
0	0
0	0
0	0
0	0
0	0
0	0
0	0
0	0
0	0
0	0
0	0
0	0
0	0
0	0
0	0
0	0
0	0
0	0
0	0
0	0
0	0
0	0
0	0
0	0
0	0
0	0
0	0
0	0
0	0
0	0
0	0
0	0
0	0
0	0
0	0
0	0
0	0
0	0
0	0
50	0
51	0
52	37
53	34
54	33
55	39
56	45
57	46
58	41
59	40
60	44
61	42
62	13
63	14
64	9
65	8
66	2
67	12
68	3
69	11
70	4
71	15
72	5
73	1
74	10
75	6
76	7
77	16
78	21
79	29
80	19
81	32
82	25
83	23
84	27
85	20
86	26
87	28
88	22
89	18
90	30
91	24
92	17
93	31
94	35
95	36
96	38
97	43
98	48
99	47
100	49
-	-
a	b
---------------------------------------------------
count_b : 46
rrb
pa
---------------------------------------------------
0	0
0	0
0	0
0	0
0	0
0	0
0	0
0	0
0	0
0	0
0	0
0	0
0	0
0	0
0	0
0	0
0	0
0	0
0	0
0	0
0	0
0	0
0	0
0	0
0	0
0	0
0	0
0	0
0	0
0	0
0	0
0	0
0	0
0	0
0	0
0	0
0	0
0	0
0	0
0	0
0	0
0	0
0	0
0	0
0	0
0	0
0	0
0	0
49	0
50	0
51	0
52	0
53	37
54	34
55	33
56	39
57	45
58	46
59	41
60	40
61	44
62	42
63	13
64	14
65	9
66	8
67	2
68	12
69	3
70	11
71	4
72	15
73	5
74	1
75	10
76	6
77	7
78	16
79	21
80	29
81	19
82	32
83	25
84	23
85	27
86	20
87	26
88	28
89	22
90	18
91	30
92	24
93	17
94	31
95	35
96	36
97	38
98	43
99	48
100	47
-	-
a	b
---------------------------------------------------
count_b : 46
rrb
pa
---------------------------------------------------
0	0
0	0
0	0
0	0
0	0
0	0
0	0
0	0
0	0
0	0
0	0
0	0
0	0
0	0
0	0
0	0
0	0
0	0
0	0
0	0
0	0
0	0
0	0
0	0
0	0
0	0
0	0
0	0
0	0
0	0
0	0
0	0
0	0
0	0
0	0
0	0
0	0
0	0
0	0
0	0
0	0
0	0
0	0
0	0
0	0
0	0
0	0
47	0
49	0
50	0
51	0
52	0
53	0
54	37
55	34
56	33
57	39
58	45
59	46
60	41
61	40
62	44
63	42
64	13
65	14
66	9
67	8
68	2
69	12
70	3
71	11
72	4
73	15
74	5
75	1
76	10
77	6
78	7
79	16
80	21
81	29
82	19
83	32
84	25
85	23
86	27
87	20
88	26
89	28
90	22
91	18
92	30
93	24
94	17
95	31
96	35
97	36
98	38
99	43
100	48
-	-
a	b
---------------------------------------------------
count_b : 46
rrb
pa
sa
---------------------------------------------------
0	0
0	0
0	0
0	0
0	0
0	0
0	0
0	0
0	0
0	0
0	0
0	0
0	0
0	0
0	0
0	0
0	0
0	0
0	0
0	0
0	0
0	0
0	0
0	0
0	0
0	0
0	0
0	0
0	0
0	0
0	0
0	0
0	0
0	0
0	0
0	0
0	0
0	0
0	0
0	0
0	0
0	0
0	0
0	0
0	0
0	0
47	0
48	0
49	0
50	0
51	0
52	0
53	0
54	0
55	37
56	34
57	33
58	39
59	45
60	46
61	41
62	40
63	44
64	42
65	13
66	14
67	9
68	8
69	2
70	12
71	3
72	11
73	4
74	15
75	5
76	1
77	10
78	6
79	7
80	16
81	21
82	29
83	19
84	32
85	25
86	23
87	27
88	20
89	26
90	28
91	22
92	18
93	30
94	24
95	17
96	31
97	35
98	36
99	38
100	43
-	-
a	b
---------------------------------------------------
count_b : 43
rb
rb
rb
rb
pa
---------------------------------------------------
0	0
0	0
0	0
0	0
0	0
0	0
0	0
0	0
0	0
0	0
0	0
0	0
0	0
0	0
0	0
0	0
0	0
0	0
0	0
0	0
0	0
0	0
0	0
0	0
0	0
0	0
0	0
0	0
0	0
0	0
0	0
0	0
0	0
0	0
0	0
0	0
0	0
0	0
0	0
0	0
0	0
0	0
0	0
0	0
0	0
45	0
47	0
48	0
49	0
50	0
51	0
52	0
53	0
54	0
55	0
56	46
57	41
58	40
59	44
60	42
61	13
62	14
63	9
64	8
65	2
66	12
67	3
68	11
69	4
70	15
71	5
72	1
73	10
74	6
75	7
76	16
77	21
78	29
79	19
80	32
81	25
82	23
83	27
84	20
85	26
86	28
87	22
88	18
89	30
90	24
91	17
92	31
93	35
94	36
95	38
96	43
97	37
98	34
99	33
100	39
-	-
a	b
---------------------------------------------------
count_b : 43
pa
sa
---------------------------------------------------
0	0
0	0
0	0
0	0
0	0
0	0
0	0
0	0
0	0
0	0
0	0
0	0
0	0
0	0
0	0
0	0
0	0
0	0
0	0
0	0
0	0
0	0
0	0
0	0
0	0
0	0
0	0
0	0
0	0
0	0
0	0
0	0
0	0
0	0
0	0
0	0
0	0
0	0
0	0
0	0
0	0
0	0
0	0
0	0
45	0
46	0
47	0
48	0
49	0
50	0
51	0
52	0
53	0
54	0
55	0
56	0
57	41
58	40
59	44
60	42
61	13
62	14
63	9
64	8
65	2
66	12
67	3
68	11
69	4
70	15
71	5
72	1
73	10
74	6
75	7
76	16
77	21
78	29
79	19
80	32
81	25
82	23
83	27
84	20
85	26
86	28
87	22
88	18
89	30
90	24
91	17
92	31
93	35
94	36
95	38
96	43
97	37
98	34
99	33
100	39
-	-
a	b
---------------------------------------------------
count_b : 43
rb
rb
pa
---------------------------------------------------
0	0
0	0
0	0
0	0
0	0
0	0
0	0
0	0
0	0
0	0
0	0
0	0
0	0
0	0
0	0
0	0
0	0
0	0
0	0
0	0
0	0
0	0
0	0
0	0
0	0
0	0
0	0
0	0
0	0
0	0
0	0
0	0
0	0
0	0
0	0
0	0
0	0
0	0
0	0
0	0
0	0
0	0
0	0
44	0
45	0
46	0
47	0
48	0
49	0
50	0
51	0
52	0
53	0
54	0
55	0
56	0
57	0
58	42
59	13
60	14
61	9
62	8
63	2
64	12
65	3
66	11
67	4
68	15
69	5
70	1
71	10
72	6
73	7
74	16
75	21
76	29
77	19
78	32
79	25
80	23
81	27
82	20
83	26
84	28
85	22
86	18
87	30
88	24
89	17
90	31
91	35
92	36
93	38
94	43
95	37
96	34
97	33
98	39
99	41
100	40
-	-
a	b
---------------------------------------------------
count_b : 40
pa
---------------------------------------------------
0	0
0	0
0	0
0	0
0	0
0	0
0	0
0	0
0	0
0	0
0	0
0	0
0	0
0	0
0	0
0	0
0	0
0	0
0	0
0	0
0	0
0	0
0	0
0	0
0	0
0	0
0	0
0	0
0	0
0	0
0	0
0	0
0	0
0	0
0	0
0	0
0	0
0	0
0	0
0	0
0	0
0	0
42	0
44	0
45	0
46	0
47	0
48	0
49	0
50	0
51	0
52	0
53	0
54	0
55	0
56	0
57	0
58	0
59	13
60	14
61	9
62	8
63	2
64	12
65	3
66	11
67	4
68	15
69	5
70	1
71	10
72	6
73	7
74	16
75	21
76	29
77	19
78	32
79	25
80	23
81	27
82	20
83	26
84	28
85	22
86	18
87	30
88	24
89	17
90	31
91	35
92	36
93	38
94	43
95	37
96	34
97	33
98	39
99	41
100	40
-	-
a	b
---------------------------------------------------
count_b : 40
rrb
rrb
pa
---------------------------------------------------
0	0
0	0
0	0
0	0
0	0
0	0
0	0
0	0
0	0
0	0
0	0
0	0
0	0
0	0
0	0
0	0
0	0
0	0
0	0
0	0
0	0
0	0
0	0
0	0
0	0
0	0
0	0
0	0
0	0
0	0
0	0
0	0
0	0
0	0
0	0
0	0
0	0
0	0
0	0
0	0
0	0
41	0
42	0
44	0
45	0
46	0
47	0
48	0
49	0
50	0
51	0
52	0
53	0
54	0
55	0
56	0
57	0
58	0
59	0
60	40
61	13
62	14
63	9
64	8
65	2
66	12
67	3
68	11
69	4
70	15
71	5
72	1
73	10
74	6
75	7
76	16
77	21
78	29
79	19
80	32
81	25
82	23
83	27
84	20
85	26
86	28
87	22
88	18
89	30
90	24
91	17
92	31
93	35
94	36
95	38
96	43
97	37
98	34
99	33
100	39
-	-
a	b
---------------------------------------------------
count_b : 40
rrb
rrb
rrb
rrb
rrb
ra
ra
pa
rra
rra
---------------------------------------------------
0	0
0	0
0	0
0	0
0	0
0	0
0	0
0	0
0	0
0	0
0	0
0	0
0	0
0	0
0	0
0	0
0	0
0	0
0	0
0	0
0	0
0	0
0	0
0	0
0	0
0	0
0	0
0	0
0	0
0	0
0	0
0	0
0	0
0	0
0	0
0	0
0	0
0	0
0	0
0	0
41	0
42	0
43	0
44	0
45	0
46	0
47	0
48	0
49	0
50	0
51	0
52	0
53	0
54	0
55	0
56	0
57	0
58	0
59	0
60	0
61	37
62	34
63	33
64	39
65	40
66	13
67	14
68	9
69	8
70	2
71	12
72	3
73	11
74	4
75	15
76	5
77	1
78	10
79	6
80	7
81	16
82	21
83	29
84	19
85	32
86	25
87	23
88	27
89	20
90	26
91	28
92	22
93	18
94	30
95	24
96	17
97	31
98	35
99	36
100	38
-	-
a	b
---------------------------------------------------
count_b : 37
rrb
pa
---------------------------------------------------
0	0
0	0
0	0
0	0
0	0
0	0
0	0
0	0
0	0
0	0
0	0
0	0
0	0
0	0
0	0
0	0
0	0
0	0
0	0
0	0
0	0
0	0
0	0
0	0
0	0
0	0
0	0
0	0
0	0
0	0
0	0
0	0
0	0
0	0
0	0
0	0
0	0
0	0
0	0
38	0
41	0
42	0
43	0
44	0
45	0
46	0
47	0
48	0
49	0
50	0
51	0
52	0
53	0
54	0
55	0
56	0
57	0
58	0
59	0
60	0
61	0
62	37
63	34
64	33
65	39
66	40
67	13
68	14
69	9
70	8
71	2
72	12
73	3
74	11
75	4
76	15
77	5
78	1
79	10
80	6
81	7
82	16
83	21
84	29
85	19
86	32
87	25
88	23
89	27
90	20
91	26
92	28
93	22
94	18
95	30
96	24
97	17
98	31
99	35
100	36
-	-
a	b
---------------------------------------------------
count_b : 37
rb
rb
rb
pa
sa
---------------------------------------------------
0	0
0	0
0	0
0	0
0	0
0	0
0	0
0	0
0	0
0	0
0	0
0	0
0	0
0	0
0	0
0	0
0	0
0	0
0	0
0	0
0	0
0	0
0	0
0	0
0	0
0	0
0	0
0	0
0	0
0	0
0	0
0	0
0	0
0	0
0	0
0	0
0	0
0	0
38	0
39	0
41	0
42	0
43	0
44	0
45	0
46	0
47	0
48	0
49	0
50	0
51	0
52	0
53	0
54	0
55	0
56	0
57	0
58	0
59	0
60	0
61	0
62	0
63	40
64	13
65	14
66	9
67	8
68	2
69	12
70	3
71	11
72	4
73	15
74	5
75	1
76	10
77	6
78	7
79	16
80	21
81	29
82	19
83	32
84	25
85	23
86	27
87	20
88	26
89	28
90	22
91	18
92	30
93	24
94	17
95	31
96	35
97	36
98	37
99	34
100	33
-	-
a	b
---------------------------------------------------
count_b : 37
ra
ra
pa
rra
rra
---------------------------------------------------
0	0
0	0
0	0
0	0
0	0
0	0
0	0
0	0
0	0
0	0
0	0
0	0
0	0
0	0
0	0
0	0
0	0
0	0
0	0
0	0
0	0
0	0
0	0
0	0
0	0
0	0
0	0
0	0
0	0
0	0
0	0
0	0
0	0
0	0
0	0
0	0
0	0
38	0
39	0
40	0
41	0
42	0
43	0
44	0
45	0
46	0
47	0
48	0
49	0
50	0
51	0
52	0
53	0
54	0
55	0
56	0
57	0
58	0
59	0
60	0
61	0
62	0
63	0
64	13
65	14
66	9
67	8
68	2
69	12
70	3
71	11
72	4
73	15
74	5
75	1
76	10
77	6
78	7
79	16
80	21
81	29
82	19
83	32
84	25
85	23
86	27
87	20
88	26
89	28
90	22
91	18
92	30
93	24
94	17
95	31
96	35
97	36
98	37
99	34
100	33
-	-
a	b
---------------------------------------------------
count_b : 34
rrb
rrb
rrb
pa
---------------------------------------------------
0	0
0	0
0	0
0	0
0	0
0	0
0	0
0	0
0	0
0	0
0	0
0	0
0	0
0	0
0	0
0	0
0	0
0	0
0	0
0	0
0	0
0	0
0	0
0	0
0	0
0	0
0	0
0	0
0	0
0	0
0	0
0	0
0	0
0	0
0	0
0	0
37	0
38	0
39	0
40	0
41	0
42	0
43	0
44	0
45	0
46	0
47	0
48	0
49	0
50	0
51	0
52	0
53	0
54	0
55	0
56	0
57	0
58	0
59	0
60	0
61	0
62	0
63	0
64	0
65	34
66	33
67	13
68	14
69	9
70	8
71	2
72	12
73	3
74	11
75	4
76	15
77	5
78	1
79	10
80	6
81	7
82	16
83	21
84	29
85	19
86	32
87	25
88	23
89	27
90	20
91	26
92	28
93	22
94	18
95	30
96	24
97	17
98	31
99	35
100	36
-	-
a	b
---------------------------------------------------
count_b : 34
rrb
pa
---------------------------------------------------
0	0
0	0
0	0
0	0
0	0
0	0
0	0
0	0
0	0
0	0
0	0
0	0
0	0
0	0
0	0
0	0
0	0
0	0
0	0
0	0
0	0
0	0
0	0
0	0
0	0
0	0
0	0
0	0
0	0
0	0
0	0
0	0
0	0
0	0
0	0
36	0
37	0
38	0
39	0
40	0
41	0
42	0
43	0
44	0
45	0
46	0
47	0
48	0
49	0
50	0
51	0
52	0
53	0
54	0
55	0
56	0
57	0
58	0
59	0
60	0
61	0
62	0
63	0
64	0
65	0
66	34
67	33
68	13
69	14
70	9
71	8
72	2
73	12
74	3
75	11
76	4
77	15
78	5
79	1
80	10
81	6
82	7
83	16
84	21
85	29
86	19
87	32
88	25
89	23
90	27
91	20
92	26
93	28
94	22
95	18
96	30
97	24
98	17
99	31
100	35
-	-
a	b
---------------------------------------------------
count_b : 34
rrb
pa
---------------------------------------------------
0	0
0	0
0	0
0	0
0	0
0	0
0	0
0	0
0	0
0	0
0	0
0	0
0	0
0	0
0	0
0	0
0	0
0	0
0	0
0	0
0	0
0	0
0	0
0	0
0	0
0	0
0	0
0	0
0	0
0	0
0	0
0	0
0	0
0	0
35	0
36	0
37	0
38	0
39	0
40	0
41	0
42	0
43	0
44	0
45	0
46	0
47	0
48	0
49	0
50	0
51	0
52	0
53	0
54	0
55	0
56	0
57	0
58	0
59	0
60	0
61	0
62	0
63	0
64	0
65	0
66	0
67	34
68	33
69	13
70	14
71	9
72	8
73	2
74	12
75	3
76	11
77	4
78	15
79	5
80	1
81	10
82	6
83	7
84	16
85	21
86	29
87	19
88	32
89	25
90	23
91	27
92	20
93	26
94	28
95	22
96	18
97	30
98	24
99	17
100	31
-	-
a	b
---------------------------------------------------
count_b : 31
pa
---------------------------------------------------
0	0
0	0
0	0
0	0
0	0
0	0
0	0
0	0
0	0
0	0
0	0
0	0
0	0
0	0
0	0
0	0
0	0
0	0
0	0
0	0
0	0
0	0
0	0
0	0
0	0
0	0
0	0
0	0
0	0
0	0
0	0
0	0
0	0
34	0
35	0
36	0
37	0
38	0
39	0
40	0
41	0
42	0
43	0
44	0
45	0
46	0
47	0
48	0
49	0
50	0
51	0
52	0
53	0
54	0
55	0
56	0
57	0
58	0
59	0
60	0
61	0
62	0
63	0
64	0
65	0
66	0
67	0
68	33
69	13
70	14
71	9
72	8
73	2
74	12
75	3
76	11
77	4
78	15
79	5
80	1
81	10
82	6
83	7
84	16
85	21
86	29
87	19
88	32
89	25
90	23
91	27
92	20
93	26
94	28
95	22
96	18
97	30
98	24
99	17
100	31
-	-
a	b
---------------------------------------------------
count_b : 31
pa
---------------------------------------------------
0	0
0	0
0	0
0	0
0	0
0	0
0	0
0	0
0	0
0	0
0	0
0	0
0	0
0	0
0	0
0	0
0	0
0	0
0	0
0	0
0	0
0	0
0	0
0	0
0	0
0	0
0	0
0	0
0	0
0	0
0	0
0	0
33	0
34	0
35	0
36	0
37	0
38	0
39	0
40	0
41	0
42	0
43	0
44	0
45	0
46	0
47	0
48	0
49	0
50	0
51	0
52	0
53	0
54	0
55	0
56	0
57	0
58	0
59	0
60	0
61	0
62	0
63	0
64	0
65	0
66	0
67	0
68	0
69	13
70	14
71	9
72	8
73	2
74	12
75	3
76	11
77	4
78	15
79	5
80	1
81	10
82	6
83	7
84	16
85	21
86	29
87	19
88	32
89	25
90	23
91	27
92	20
93	26
94	28
95	22
96	18
97	30
98	24
99	17
100	31
-	-
a	b
---------------------------------------------------
count_b : 31
rrb
rrb
rrb
rrb
rrb
rrb
rrb
rrb
rrb
rrb
rrb
rrb
rrb
pa
---------------------------------------------------
0	0
0	0
0	0
0	0
0	0
0	0
0	0
0	0
0	0
0	0
0	0
0	0
0	0
0	0
0	0
0	0
0	0
0	0
0	0
0	0
0	0
0	0
0	0
0	0
0	0
0	0
0	0
0	0
0	0
0	0
0	0
32	0
33	0
34	0
35	0
36	0
37	0
38	0
39	0
40	0
41	0
42	0
43	0
44	0
45	0
46	0
47	0
48	0
49	0
50	0
51	0
52	0
53	0
54	0
55	0
56	0
57	0
58	0
59	0
60	0
61	0
62	0
63	0
64	0
65	0
66	0
67	0
68	0
69	0
70	25
71	23
72	27
73	20
74	26
75	28
76	22
77	18
78	30
79	24
80	17
81	31
82	13
83	14
84	9
85	8
86	2
87	12
88	3
89	11
90	4
91	15
92	5
93	1
94	10
95	6
96	7
97	16
98	21
99	29
100	19
-	-
a	b
---------------------------------------------------
count_b : 28
rrb
rrb
pa
---------------------------------------------------
0	0
0	0
0	0
0	0
0	0
0	0
0	0
0	0
0	0
0	0
0	0
0	0
0	0
0	0
0	0
0	0
0	0
0	0
0	0
0	0
0	0
0	0
0	0
0	0
0	0
0	0
0	0
0	0
0	0
0	0
29	0
32	0
33	0
34	0
35	0
36	0
37	0
38	0
39	0
40	0
41	0
42	0
43	0
44	0
45	0
46	0
47	0
48	0
49	0
50	0
51	0
52	0
53	0
54	0
55	0
56	0
57	0
58	0
59	0
60	0
61	0
62	0
63	0
64	0
65	0
66	0
67	0
68	0
69	0
70	0
71	19
72	25
73	23
74	27
75	20
76	26
77	28
78	22
79	18
80	30
81	24
82	17
83	31
84	13
85	14
86	9
87	8
88	2
89	12
90	3
91	11
92	4
93	15
94	5
95	1
96	10
97	6
98	7
99	16
100	21
-	-
a	b
---------------------------------------------------
count_b : 28
rb
rb
rb
rb
rb
rb
rb
rb
rb
pa
sa
---------------------------------------------------
0	0
0	0
0	0
0	0
0	0
0	0
0	0
0	0
0	0
0	0
0	0
0	0
0	0
0	0
0	0
0	0
0	0
0	0
0	0
0	0
0	0
0	0
0	0
0	0
0	0
0	0
0	0
0	0
0	0
29	0
30	0
32	0
33	0
34	0
35	0
36	0
37	0
38	0
39	0
40	0
41	0
42	0
43	0
44	0
45	0
46	0
47	0
48	0
49	0
50	0
51	0
52	0
53	0
54	0
55	0
56	0
57	0
58	0
59	0
60	0
61	0
62	0
63	0
64	0
65	0
66	0
67	0
68	0
69	0
70	0
71	0
72	24
73	17
74	31
75	13
76	14
77	9
78	8
79	2
80	12
81	3
82	11
83	4
84	15
85	5
86	1
87	10
88	6
89	7
90	16
91	21
92	19
93	25
94	23
95	27
96	20
97	26
98	28
99	22
100	18
-	-
a	b
---------------------------------------------------
count_b : 28
rb
rb
ra
ra
pa
rra
rra
---------------------------------------------------
0	0
0	0
0	0
0	0
0	0
0	0
0	0
0	0
0	0
0	0
0	0
0	0
0	0
0	0
0	0
0	0
0	0
0	0
0	0
0	0
0	0
0	0
0	0
0	0
0	0
0	0
0	0
0	0
29	0
30	0
31	0
32	0
33	0
34	0
35	0
36	0
37	0
38	0
39	0
40	0
41	0
42	0
43	0
44	0
45	0
46	0
47	0
48	0
49	0
50	0
51	0
52	0
53	0
54	0
55	0
56	0
57	0
58	0
59	0
60	0
61	0
62	0
63	0
64	0
65	0
66	0
67	0
68	0
69	0
70	0
71	0
72	0
73	13
74	14
75	9
76	8
77	2
78	12
79	3
80	11
81	4
82	15
83	5
84	1
85	10
86	6
87	7
88	16
89	21
90	19
91	25
92	23
93	27
94	20
95	26
96	28
97	22
98	18
99	24
100	17
-	-
a	b
---------------------------------------------------
count_b : 25
rrb
rrb
rrb
rrb
rrb
pa
---------------------------------------------------
0	0
0	0
0	0
0	0
0	0
0	0
0	0
0	0
0	0
0	0
0	0
0	0
0	0
0	0
0	0
0	0
0	0
0	0
0	0
0	0
0	0
0	0
0	0
0	0
0	0
0	0
0	0
28	0
29	0
30	0
31	0
32	0
33	0
34	0
35	0
36	0
37	0
38	0
39	0
40	0
41	0
42	0
43	0
44	0
45	0
46	0
47	0
48	0
49	0
50	0
51	0
52	0
53	0
54	0
55	0
56	0
57	0
58	0
59	0
60	0
61	0
62	0
63	0
64	0
65	0
66	0
67	0
68	0
69	0
70	0
71	0
72	0
73	0
74	22
75	18
76	24
77	17
78	13
79	14
80	9
81	8
82	2
83	12
84	3
85	11
86	4
87	15
88	5
89	1
90	10
91	6
92	7
93	16
94	21
95	19
96	25
97	23
98	27
99	20
100	26
-	-
a	b
---------------------------------------------------
count_b : 25
rrb
pa
---------------------------------------------------
0	0
0	0
0	0
0	0
0	0
0	0
0	0
0	0
0	0
0	0
0	0
0	0
0	0
0	0
0	0
0	0
0	0
0	0
0	0
0	0
0	0
0	0
0	0
0	0
0	0
0	0
26	0
28	0
29	0
30	0
31	0
32	0
33	0
34	0
35	0
36	0
37	0
38	0
39	0
40	0
41	0
42	0
43	0
44	0
45	0
46	0
47	0
48	0
49	0
50	0
51	0
52	0
53	0
54	0
55	0
56	0
57	0
58	0
59	0
60	0
61	0
62	0
63	0
64	0
65	0
66	0
67	0
68	0
69	0
70	0
71	0
72	0
73	0
74	0
75	22
76	18
77	24
78	17
79	13
80	14
81	9
82	8
83	2
84	12
85	3
86	11
87	4
88	15
89	5
90	1
91	10
92	6
93	7
94	16
95	21
96	19
97	25
98	23
99	27
100	20
-	-
a	b
---------------------------------------------------
count_b : 25
rrb
rrb
pa
sa
---------------------------------------------------
0	0
0	0
0	0
0	0
0	0
0	0
0	0
0	0
0	0
0	0
0	0
0	0
0	0
0	0
0	0
0	0
0	0
0	0
0	0
0	0
0	0
0	0
0	0
0	0
0	0
26	0
27	0
28	0
29	0
30	0
31	0
32	0
33	0
34	0
35	0
36	0
37	0
38	0
39	0
40	0
41	0
42	0
43	0
44	0
45	0
46	0
47	0
48	0
49	0
50	0
51	0
52	0
53	0
54	0
55	0
56	0
57	0
58	0
59	0
60	0
61	0
62	0
63	0
64	0
65	0
66	0
67	0
68	0
69	0
70	0
71	0
72	0
73	0
74	0
75	0
76	20
77	22
78	18
79	24
80	17
81	13
82	14
83	9
84	8
85	2
86	12
87	3
88	11
89	4
90	15
91	5
92	1
93	10
94	6
95	7
96	16
97	21
98	19
99	25
100	23
-	-
a	b
---------------------------------------------------
count_b : 22
rrb
pa
---------------------------------------------------
0	0
0	0
0	0
0	0
0	0
0	0
0	0
0	0
0	0
0	0
0	0
0	0
0	0
0	0
0	0
0	0
0	0
0	0
0	0
0	0
0	0
0	0
0	0
0	0
23	0
26	0
27	0
28	0
29	0
30	0
31	0
32	0
33	0
34	0
35	0
36	0
37	0
38	0
39	0
40	0
41	0
42	0
43	0
44	0
45	0
46	0
47	0
48	0
49	0
50	0
51	0
52	0
53	0
54	0
55	0
56	0
57	0
58	0
59	0
60	0
61	0
62	0
63	0
64	0
65	0
66	0
67	0
68	0
69	0
70	0
71	0
72	0
73	0
74	0
75	0
76	0
77	20
78	22
79	18
80	24
81	17
82	13
83	14
84	9
85	8
86	2
87	12
88	3
89	11
90	4
91	15
92	5
93	1
94	10
95	6
96	7
97	16
98	21
99	19
100	25
-	-
a	b
---------------------------------------------------
count_b : 22
rrb
pa
sa
---------------------------------------------------
0	0
0	0
0	0
0	0
0	0
0	0
0	0
0	0
0	0
0	0
0	0
0	0
0	0
0	0
0	0
0	0
0	0
0	0
0	0
0	0
0	0
0	0
0	0
23	0
25	0
26	0
27	0
28	0
29	0
30	0
31	0
32	0
33	0
34	0
35	0
36	0
37	0
38	0
39	0
40	0
41	0
42	0
43	0
44	0
45	0
46	0
47	0
48	0
49	0
50	0
51	0
52	0
53	0
54	0
55	0
56	0
57	0
58	0
59	0
60	0
61	0
62	0
63	0
64	0
65	0
66	0
67	0
68	0
69	0
70	0
71	0
72	0
73	0
74	0
75	0
76	0
77	0
78	20
79	22
80	18
81	24
82	17
83	13
84	14
85	9
86	8
87	2
88	12
89	3
90	11
91	4
92	15
93	5
94	1
95	10
96	6
97	7
98	16
99	21
100	19
-	-
a	b
---------------------------------------------------
count_b : 22
rb
rb
rb
pa
sa
---------------------------------------------------
0	0
0	0
0	0
0	0
0	0
0	0
0	0
0	0
0	0
0	0
0	0
0	0
0	0
0	0
0	0
0	0
0	0
0	0
0	0
0	0
0	0
0	0
23	0
24	0
25	0
26	0
27	0
28	0
29	0
30	0
31	0
32	0
33	0
34	0
35	0
36	0
37	0
38	0
39	0
40	0
41	0
42	0
43	0
44	0
45	0
46	0
47	0
48	0
49	0
50	0
51	0
52	0
53	0
54	0
55	0
56	0
57	0
58	0
59	0
60	0
61	0
62	0
63	0
64	0
65	0
66	0
67	0
68	0
69	0
70	0
71	0
72	0
73	0
74	0
75	0
76	0
77	0
78	0
79	17
80	13
81	14
82	9
83	8
84	2
85	12
86	3
87	11
88	4
89	15
90	5
91	1
92	10
93	6
94	7
95	16
96	21
97	19
98	20
99	22
100	18
-	-
a	b
---------------------------------------------------
count_b : 19
rrb
rrb
pa
---------------------------------------------------
0	0
0	0
0	0
0	0
0	0
0	0
0	0
0	0
0	0
0	0
0	0
0	0
0	0
0	0
0	0
0	0
0	0
0	0
0	0
0	0
0	0
22	0
23	0
24	0
25	0
26	0
27	0
28	0
29	0
30	0
31	0
32	0
33	0
34	0
35	0
36	0
37	0
38	0
39	0
40	0
41	0
42	0
43	0
44	0
45	0
46	0
47	0
48	0
49	0
50	0
51	0
52	0
53	0
54	0
55	0
56	0
57	0
58	0
59	0
60	0
61	0
62	0
63	0
64	0
65	0
66	0
67	0
68	0
69	0
70	0
71	0
72	0
73	0
74	0
75	0
76	0
77	0
78	0
79	0
80	18
81	17
82	13
83	14
84	9
85	8
86	2
87	12
88	3
89	11
90	4
91	15
92	5
93	1
94	10
95	6
96	7
97	16
98	21
99	19
100	20
-	-
a	b
---------------------------------------------------
count_b : 19
rrb
pa
---------------------------------------------------
0	0
0	0
0	0
0	0
0	0
0	0
0	0
0	0
0	0
0	0
0	0
0	0
0	0
0	0
0	0
0	0
0	0
0	0
0	0
0	0
20	0
22	0
23	0
24	0
25	0
26	0
27	0
28	0
29	0
30	0
31	0
32	0
33	0
34	0
35	0
36	0
37	0
38	0
39	0
40	0
41	0
42	0
43	0
44	0
45	0
46	0
47	0
48	0
49	0
50	0
51	0
52	0
53	0
54	0
55	0
56	0
57	0
58	0
59	0
60	0
61	0
62	0
63	0
64	0
65	0
66	0
67	0
68	0
69	0
70	0
71	0
72	0
73	0
74	0
75	0
76	0
77	0
78	0
79	0
80	0
81	18
82	17
83	13
84	14
85	9
86	8
87	2
88	12
89	3
90	11
91	4
92	15
93	5
94	1
95	10
96	6
97	7
98	16
99	21
100	19
-	-
a	b
---------------------------------------------------
count_b : 19
rrb
rrb
pa
sa
---------------------------------------------------
0	0
0	0
0	0
0	0
0	0
0	0
0	0
0	0
0	0
0	0
0	0
0	0
0	0
0	0
0	0
0	0
0	0
0	0
0	0
20	0
21	0
22	0
23	0
24	0
25	0
26	0
27	0
28	0
29	0
30	0
31	0
32	0
33	0
34	0
35	0
36	0
37	0
38	0
39	0
40	0
41	0
42	0
43	0
44	0
45	0
46	0
47	0
48	0
49	0
50	0
51	0
52	0
53	0
54	0
55	0
56	0
57	0
58	0
59	0
60	0
61	0
62	0
63	0
64	0
65	0
66	0
67	0
68	0
69	0
70	0
71	0
72	0
73	0
74	0
75	0
76	0
77	0
78	0
79	0
80	0
81	0
82	19
83	18
84	17
85	13
86	14
87	9
88	8
89	2
90	12
91	3
92	11
93	4
94	15
95	5
96	1
97	10
98	6
99	7
100	16
-	-
a	b
---------------------------------------------------
count_b : 16
pa
---------------------------------------------------
0	0
0	0
0	0
0	0
0	0
0	0
0	0
0	0
0	0
0	0
0	0
0	0
0	0
0	0
0	0
0	0
0	0
0	0
19	0
20	0
21	0
22	0
23	0
24	0
25	0
26	0
27	0
28	0
29	0
30	0
31	0
32	0
33	0
34	0
35	0
36	0
37	0
38	0
39	0
40	0
41	0
42	0
43	0
44	0
45	0
46	0
47	0
48	0
49	0
50	0
51	0
52	0
53	0
54	0
55	0
56	0
57	0
58	0
59	0
60	0
61	0
62	0
63	0
64	0
65	0
66	0
67	0
68	0
69	0
70	0
71	0
72	0
73	0
74	0
75	0
76	0
77	0
78	0
79	0
80	0
81	0
82	0
83	18
84	17
85	13
86	14
87	9
88	8
89	2
90	12
91	3
92	11
93	4
94	15
95	5
96	1
97	10
98	6
99	7
100	16
-	-
a	b
---------------------------------------------------
count_b : 16
pa
---------------------------------------------------
0	0
0	0
0	0
0	0
0	0
0	0
0	0
0	0
0	0
0	0
0	0
0	0
0	0
0	0
0	0
0	0
0	0
18	0
19	0
20	0
21	0
22	0
23	0
24	0
25	0
26	0
27	0
28	0
29	0
30	0
31	0
32	0
33	0
34	0
35	0
36	0
37	0
38	0
39	0
40	0
41	0
42	0
43	0
44	0
45	0
46	0
47	0
48	0
49	0
50	0
51	0
52	0
53	0
54	0
55	0
56	0
57	0
58	0
59	0
60	0
61	0
62	0
63	0
64	0
65	0
66	0
67	0
68	0
69	0
70	0
71	0
72	0
73	0
74	0
75	0
76	0
77	0
78	0
79	0
80	0
81	0
82	0
83	0
84	17
85	13
86	14
87	9
88	8
89	2
90	12
91	3
92	11
93	4
94	15
95	5
96	1
97	10
98	6
99	7
100	16
-	-
a	b
---------------------------------------------------
count_b : 16
pa
---------------------------------------------------
0	0
0	0
0	0
0	0
0	0
0	0
0	0
0	0
0	0
0	0
0	0
0	0
0	0
0	0
0	0
0	0
17	0
18	0
19	0
20	0
21	0
22	0
23	0
24	0
25	0
26	0
27	0
28	0
29	0
30	0
31	0
32	0
33	0
34	0
35	0
36	0
37	0
38	0
39	0
40	0
41	0
42	0
43	0
44	0
45	0
46	0
47	0
48	0
49	0
50	0
51	0
52	0
53	0
54	0
55	0
56	0
57	0
58	0
59	0
60	0
61	0
62	0
63	0
64	0
65	0
66	0
67	0
68	0
69	0
70	0
71	0
72	0
73	0
74	0
75	0
76	0
77	0
78	0
79	0
80	0
81	0
82	0
83	0
84	0
85	13
86	14
87	9
88	8
89	2
90	12
91	3
92	11
93	4
94	15
95	5
96	1
97	10
98	6
99	7
100	16
-	-
a	b
---------------------------------------------------
count_b : 13
rrb
pa
---------------------------------------------------
0	0
0	0
0	0
0	0
0	0
0	0
0	0
0	0
0	0
0	0
0	0
0	0
0	0
0	0
0	0
16	0
17	0
18	0
19	0
20	0
21	0
22	0
23	0
24	0
25	0
26	0
27	0
28	0
29	0
30	0
31	0
32	0
33	0
34	0
35	0
36	0
37	0
38	0
39	0
40	0
41	0
42	0
43	0
44	0
45	0
46	0
47	0
48	0
49	0
50	0
51	0
52	0
53	0
54	0
55	0
56	0
57	0
58	0
59	0
60	0
61	0
62	0
63	0
64	0
65	0
66	0
67	0
68	0
69	0
70	0
71	0
72	0
73	0
74	0
75	0
76	0
77	0
78	0
79	0
80	0
81	0
82	0
83	0
84	0
85	0
86	13
87	14
88	9
89	8
90	2
91	12
92	3
93	11
94	4
95	15
96	5
97	1
98	10
99	6
100	7
-	-
a	b
---------------------------------------------------
count_b : 13
rb
pa
---------------------------------------------------
0	0
0	0
0	0
0	0
0	0
0	0
0	0
0	0
0	0
0	0
0	0
0	0
0	0
0	0
14	0
16	0
17	0
18	0
19	0
20	0
21	0
22	0
23	0
24	0
25	0
26	0
27	0
28	0
29	0
30	0
31	0
32	0
33	0
34	0
35	0
36	0
37	0
38	0
39	0
40	0
41	0
42	0
43	0
44	0
45	0
46	0
47	0
48	0
49	0
50	0
51	0
52	0
53	0
54	0
55	0
56	0
57	0
58	0
59	0
60	0
61	0
62	0
63	0
64	0
65	0
66	0
67	0
68	0
69	0
70	0
71	0
72	0
73	0
74	0
75	0
76	0
77	0
78	0
79	0
80	0
81	0
82	0
83	0
84	0
85	0
86	0
87	9
88	8
89	2
90	12
91	3
92	11
93	4
94	15
95	5
96	1
97	10
98	6
99	7
100	13
-	-
a	b
---------------------------------------------------
count_b : 13
rrb
rrb
rrb
rrb
rrb
rrb
rrb
pa
sa
---------------------------------------------------
0	0
0	0
0	0
0	0
0	0
0	0
0	0
0	0
0	0
0	0
0	0
0	0
0	0
14	0
15	0
16	0
17	0
18	0
19	0
20	0
21	0
22	0
23	0
24	0
25	0
26	0
27	0
28	0
29	0
30	0
31	0
32	0
33	0
34	0
35	0
36	0
37	0
38	0
39	0
40	0
41	0
42	0
43	0
44	0
45	0
46	0
47	0
48	0
49	0
50	0
51	0
52	0
53	0
54	0
55	0
56	0
57	0
58	0
59	0
60	0
61	0
62	0
63	0
64	0
65	0
66	0
67	0
68	0
69	0
70	0
71	0
72	0
73	0
74	0
75	0
76	0
77	0
78	0
79	0
80	0
81	0
82	0
83	0
84	0
85	0
86	0
87	0
88	5
89	1
90	10
91	6
92	7
93	13
94	9
95	8
96	2
97	12
98	3
99	11
100	4
-	-
a	b
---------------------------------------------------
count_b : 10
rrb
rrb
pa
---------------------------------------------------
0	0
0	0
0	0
0	0
0	0
0	0
0	0
0	0
0	0
0	0
0	0
0	0
11	0
14	0
15	0
16	0
17	0
18	0
19	0
20	0
21	0
22	0
23	0
24	0
25	0
26	0
27	0
28	0
29	0
30	0
31	0
32	0
33	0
34	0
35	0
36	0
37	0
38	0
39	0
40	0
41	0
42	0
43	0
44	0
45	0
46	0
47	0
48	0
49	0
50	0
51	0
52	0
53	0
54	0
55	0
56	0
57	0
58	0
59	0
60	0
61	0
62	0
63	0
64	0
65	0
66	0
67	0
68	0
69	0
70	0
71	0
72	0
73	0
74	0
75	0
76	0
77	0
78	0
79	0
80	0
81	0
82	0
83	0
84	0
85	0
86	0
87	0
88	0
89	4
90	5
91	1
92	10
93	6
94	7
95	13
96	9
97	8
98	2
99	12
100	3
-	-
a	b
---------------------------------------------------
count_b : 10
rrb
rrb
pa
sa
---------------------------------------------------
0	0
0	0
0	0
0	0
0	0
0	0
0	0
0	0
0	0
0	0
0	0
11	0
12	0
14	0
15	0
16	0
17	0
18	0
19	0
20	0
21	0
22	0
23	0
24	0
25	0
26	0
27	0
28	0
29	0
30	0
31	0
32	0
33	0
34	0
35	0
36	0
37	0
38	0
39	0
40	0
41	0
42	0
43	0
44	0
45	0
46	0
47	0
48	0
49	0
50	0
51	0
52	0
53	0
54	0
55	0
56	0
57	0
58	0
59	0
60	0
61	0
62	0
63	0
64	0
65	0
66	0
67	0
68	0
69	0
70	0
71	0
72	0
73	0
74	0
75	0
76	0
77	0
78	0
79	0
80	0
81	0
82	0
83	0
84	0
85	0
86	0
87	0
88	0
89	0
90	3
91	4
92	5
93	1
94	10
95	6
96	7
97	13
98	9
99	8
100	2
-	-
a	b
---------------------------------------------------
count_b : 10
rrb
rrb
rrb
rrb
ra
ra
pa
rra
rra
---------------------------------------------------
0	0
0	0
0	0
0	0
0	0
0	0
0	0
0	0
0	0
0	0
11	0
12	0
13	0
14	0
15	0
16	0
17	0
18	0
19	0
20	0
21	0
22	0
23	0
24	0
25	0
26	0
27	0
28	0
29	0
30	0
31	0
32	0
33	0
34	0
35	0
36	0
37	0
38	0
39	0
40	0
41	0
42	0
43	0
44	0
45	0
46	0
47	0
48	0
49	0
50	0
51	0
52	0
53	0
54	0
55	0
56	0
57	0
58	0
59	0
60	0
61	0
62	0
63	0
64	0
65	0
66	0
67	0
68	0
69	0
70	0
71	0
72	0
73	0
74	0
75	0
76	0
77	0
78	0
79	0
80	0
81	0
82	0
83	0
84	0
85	0
86	0
87	0
88	0
89	0
90	0
91	9
92	8
93	2
94	3
95	4
96	5
97	1
98	10
99	6
100	7
-	-
a	b
---------------------------------------------------
count_b : 7
pa
---------------------------------------------------
0	0
0	0
0	0
0	0
0	0
0	0
0	0
0	0
0	0
9	0
11	0
12	0
13	0
14	0
15	0
16	0
17	0
18	0
19	0
20	0
21	0
22	0
23	0
24	0
25	0
26	0
27	0
28	0
29	0
30	0
31	0
32	0
33	0
34	0
35	0
36	0
37	0
38	0
39	0
40	0
41	0
42	0
43	0
44	0
45	0
46	0
47	0
48	0
49	0
50	0
51	0
52	0
53	0
54	0
55	0
56	0
57	0
58	0
59	0
60	0
61	0
62	0
63	0
64	0
65	0
66	0
67	0
68	0
69	0
70	0
71	0
72	0
73	0
74	0
75	0
76	0
77	0
78	0
79	0
80	0
81	0
82	0
83	0
84	0
85	0
86	0
87	0
88	0
89	0
90	0
91	0
92	8
93	2
94	3
95	4
96	5
97	1
98	10
99	6
100	7
-	-
a	b
---------------------------------------------------
count_b : 7
pa
---------------------------------------------------
0	0
0	0
0	0
0	0
0	0
0	0
0	0
0	0
8	0
9	0
11	0
12	0
13	0
14	0
15	0
16	0
17	0
18	0
19	0
20	0
21	0
22	0
23	0
24	0
25	0
26	0
27	0
28	0
29	0
30	0
31	0
32	0
33	0
34	0
35	0
36	0
37	0
38	0
39	0
40	0
41	0
42	0
43	0
44	0
45	0
46	0
47	0
48	0
49	0
50	0
51	0
52	0
53	0
54	0
55	0
56	0
57	0
58	0
59	0
60	0
61	0
62	0
63	0
64	0
65	0
66	0
67	0
68	0
69	0
70	0
71	0
72	0
73	0
74	0
75	0
76	0
77	0
78	0
79	0
80	0
81	0
82	0
83	0
84	0
85	0
86	0
87	0
88	0
89	0
90	0
91	0
92	0
93	2
94	3
95	4
96	5
97	1
98	10
99	6
100	7
-	-
a	b
---------------------------------------------------
count_b : 7
rrb
rrb
rrb
ra
ra
pa
rra
rra
---------------------------------------------------
0	0
0	0
0	0
0	0
0	0
0	0
0	0
8	0
9	0
10	0
11	0
12	0
13	0
14	0
15	0
16	0
17	0
18	0
19	0
20	0
21	0
22	0
23	0
24	0
25	0
26	0
27	0
28	0
29	0
30	0
31	0
32	0
33	0
34	0
35	0
36	0
37	0
38	0
39	0
40	0
41	0
42	0
43	0
44	0
45	0
46	0
47	0
48	0
49	0
50	0
51	0
52	0
53	0
54	0
55	0
56	0
57	0
58	0
59	0
60	0
61	0
62	0
63	0
64	0
65	0
66	0
67	0
68	0
69	0
70	0
71	0
72	0
73	0
74	0
75	0
76	0
77	0
78	0
79	0
80	0
81	0
82	0
83	0
84	0
85	0
86	0
87	0
88	0
89	0
90	0
91	0
92	0
93	0
94	6
95	7
96	2
97	3
98	4
99	5
100	1
-	-
a	b
---------------------------------------------------
count_b : 4
pa
---------------------------------------------------
0	0
0	0
0	0
0	0
0	0
0	0
6	0
8	0
9	0
10	0
11	0
12	0
13	0
14	0
15	0
16	0
17	0
18	0
19	0
20	0
21	0
22	0
23	0
24	0
25	0
26	0
27	0
28	0
29	0
30	0
31	0
32	0
33	0
34	0
35	0
36	0
37	0
38	0
39	0
40	0
41	0
42	0
43	0
44	0
45	0
46	0
47	0
48	0
49	0
50	0
51	0
52	0
53	0
54	0
55	0
56	0
57	0
58	0
59	0
60	0
61	0
62	0
63	0
64	0
65	0
66	0
67	0
68	0
69	0
70	0
71	0
72	0
73	0
74	0
75	0
76	0
77	0
78	0
79	0
80	0
81	0
82	0
83	0
84	0
85	0
86	0
87	0
88	0
89	0
90	0
91	0
92	0
93	0
94	0
95	7
96	2
97	3
98	4
99	5
100	1
-	-
a	b
---------------------------------------------------
count_b : 4
pa
sa
---------------------------------------------------
0	0
0	0
0	0
0	0
0	0
6	0
7	0
8	0
9	0
10	0
11	0
12	0
13	0
14	0
15	0
16	0
17	0
18	0
19	0
20	0
21	0
22	0
23	0
24	0
25	0
26	0
27	0
28	0
29	0
30	0
31	0
32	0
33	0
34	0
35	0
36	0
37	0
38	0
39	0
40	0
41	0
42	0
43	0
44	0
45	0
46	0
47	0
48	0
49	0
50	0
51	0
52	0
53	0
54	0
55	0
56	0
57	0
58	0
59	0
60	0
61	0
62	0
63	0
64	0
65	0
66	0
67	0
68	0
69	0
70	0
71	0
72	0
73	0
74	0
75	0
76	0
77	0
78	0
79	0
80	0
81	0
82	0
83	0
84	0
85	0
86	0
87	0
88	0
89	0
90	0
91	0
92	0
93	0
94	0
95	0
96	2
97	3
98	4
99	5
100	1
-	-
a	b
---------------------------------------------------
count_b : 4
rrb
rrb
pa
---------------------------------------------------
0	0
0	0
0	0
0	0
5	0
6	0
7	0
8	0
9	0
10	0
11	0
12	0
13	0
14	0
15	0
16	0
17	0
18	0
19	0
20	0
21	0
22	0
23	0
24	0
25	0
26	0
27	0
28	0
29	0
30	0
31	0
32	0
33	0
34	0
35	0
36	0
37	0
38	0
39	0
40	0
41	0
42	0
43	0
44	0
45	0
46	0
47	0
48	0
49	0
50	0
51	0
52	0
53	0
54	0
55	0
56	0
57	0
58	0
59	0
60	0
61	0
62	0
63	0
64	0
65	0
66	0
67	0
68	0
69	0
70	0
71	0
72	0
73	0
74	0
75	0
76	0
77	0
78	0
79	0
80	0
81	0
82	0
83	0
84	0
85	0
86	0
87	0
88	0
89	0
90	0
91	0
92	0
93	0
94	0
95	0
96	0
97	1
98	2
99	3
100	4
-	-
a	b
---------------------------------------------------
count_b : 1
rrb
pa
---------------------------------------------------
0	0
0	0
0	0
4	0
5	0
6	0
7	0
8	0
9	0
10	0
11	0
12	0
13	0
14	0
15	0
16	0
17	0
18	0
19	0
20	0
21	0
22	0
23	0
24	0
25	0
26	0
27	0
28	0
29	0
30	0
31	0
32	0
33	0
34	0
35	0
36	0
37	0
38	0
39	0
40	0
41	0
42	0
43	0
44	0
45	0
46	0
47	0
48	0
49	0
50	0
51	0
52	0
53	0
54	0
55	0
56	0
57	0
58	0
59	0
60	0
61	0
62	0
63	0
64	0
65	0
66	0
67	0
68	0
69	0
70	0
71	0
72	0
73	0
74	0
75	0
76	0
77	0
78	0
79	0
80	0
81	0
82	0
83	0
84	0
85	0
86	0
87	0
88	0
89	0
90	0
91	0
92	0
93	0
94	0
95	0
96	0
97	0
98	1
99	2
100	3
-	-
a	b
---------------------------------------------------
count_b : 1
rrb
pa
---------------------------------------------------
0	0
0	0
3	0
4	0
5	0
6	0
7	0
8	0
9	0
10	0
11	0
12	0
13	0
14	0
15	0
16	0
17	0
18	0
19	0
20	0
21	0
22	0
23	0
24	0
25	0
26	0
27	0
28	0
29	0
30	0
31	0
32	0
33	0
34	0
35	0
36	0
37	0
38	0
39	0
40	0
41	0
42	0
43	0
44	0
45	0
46	0
47	0
48	0
49	0
50	0
51	0
52	0
53	0
54	0
55	0
56	0
57	0
58	0
59	0
60	0
61	0
62	0
63	0
64	0
65	0
66	0
67	0
68	0
69	0
70	0
71	0
72	0
73	0
74	0
75	0
76	0
77	0
78	0
79	0
80	0
81	0
82	0
83	0
84	0
85	0
86	0
87	0
88	0
89	0
90	0
91	0
92	0
93	0
94	0
95	0
96	0
97	0
98	0
99	1
100	2
-	-
a	b
---------------------------------------------------
count_b : 1
rrb
pa
---------------------------------------------------
0	0
2	0
3	0
4	0
5	0
6	0
7	0
8	0
9	0
10	0
11	0
12	0
13	0
14	0
15	0
16	0
17	0
18	0
19	0
20	0
21	0
22	0
23	0
24	0
25	0
26	0
27	0
28	0
29	0
30	0
31	0
32	0
33	0
34	0
35	0
36	0
37	0
38	0
39	0
40	0
41	0
42	0
43	0
44	0
45	0
46	0
47	0
48	0
49	0
50	0
51	0
52	0
53	0
54	0
55	0
56	0
57	0
58	0
59	0
60	0
61	0
62	0
63	0
64	0
65	0
66	0
67	0
68	0
69	0
70	0
71	0
72	0
73	0
74	0
75	0
76	0
77	0
78	0
79	0
80	0
81	0
82	0
83	0
84	0
85	0
86	0
87	0
88	0
89	0
90	0
91	0
92	0
93	0
94	0
95	0
96	0
97	0
98	0
99	0
100	1
-	-
a	b
---------------------------------------------------
count_b : -2
rb
rb
rb
pa
---------------------------------------------------
1	0
2	0
3	0
4	0
5	0
6	0
7	0
8	0
9	0
10	0
11	0
12	0
13	0
14	0
15	0
16	0
17	0
18	0
19	0
20	0
21	0
22	0
23	0
24	0
25	0
26	0
27	0
28	0
29	0
30	0
31	0
32	0
33	0
34	0
35	0
36	0
37	0
38	0
39	0
40	0
41	0
42	0
43	0
44	0
45	0
46	0
47	0
48	0
49	0
50	0
51	0
52	0
53	0
54	0
55	0
56	0
57	0
58	0
59	0
60	0
61	0
62	0
63	0
64	0
65	0
66	0
67	0
68	0
69	0
70	0
71	0
72	0
73	0
74	0
75	0
76	0
77	0
78	0
79	0
80	0
81	0
82	0
83	0
84	0
85	0
86	0
87	0
88	0
89	0
90	0
91	0
92	0
93	0
94	0
95	0
96	0
97	0
98	0
99	0
100	0
-	-
a	b
---------------------------------------------------
OK
